GO_X,GO_Y
399.452262,56.143836 
400.889141,53.217464 
402.326019,53.658606 
403.762898,53.859230 
405.199776,53.835304 
406.636655,54.963606 
408.073534,54.560353 
409.510412,54.095266 
410.947291,53.996292 
412.384170,53.547572 
413.821048,54.582914 
415.257927,54.917257 
416.694806,54.192280 
418.131684,54.357372 
419.568563,53.961918 
421.005441,54.093907 
422.442320,54.575230 
423.879199,54.708318 
425.316077,54.969204 
426.752956,54.200133 
428.189835,53.521606 
429.626713,54.203617 
431.063592,54.543174 
432.500471,54.807269 
433.937349,55.141365 
435.374228,54.753375 
436.811106,54.978935 
438.247985,55.326089 
439.684864,55.275442 
441.121742,55.647767 
442.558621,55.499292 
443.995500,55.064223 
445.432378,55.267375 
446.869257,55.691216 
448.306136,56.059179 
449.743014,55.783631 
451.179893,55.584801 
452.616772,55.694153 
454.053650,55.372497 
455.490529,55.605856 
456.927407,55.979289 
458.364286,55.558688 
459.801165,55.793870 
461.238043,55.832694 
462.674922,55.526300 
464.111801,55.837369 
465.548679,55.983235 
466.985558,56.241125 
468.422437,56.531708 
469.859315,55.975152 
471.296194,55.813673 
472.733072,56.451814 
474.169951,56.832337 
475.606830,56.800801 
477.043708,56.415162 
478.480587,56.417732 
479.917466,56.619632 
481.354344,56.327148 
482.791223,56.473693 
484.228102,56.707058 
485.664980,56.320803 
487.101859,56.433978 
488.538738,56.811775 
489.975616,56.910220 
491.412495,57.064484 
492.849373,57.114732 
494.286252,56.895073 
495.723131,56.641681 
497.160009,56.763841 
498.596888,57.163133 
500.033767,57.103051 
501.470645,56.992211 
502.907524,57.266722 
504.344403,57.291748 
505.781281,57.139095 
507.218160,56.926410 
508.655038,56.772334 
510.091917,57.038341 
511.528796,57.365689 
512.965674,57.431504 
514.402553,57.422899 
515.839432,57.416667 
517.276310,57.398153 
518.713189,57.215937 
520.150068,57.183299 
521.586946,57.495190 
523.023825,57.570139 
524.460704,57.543568 
525.897582,57.691814 
527.334461,57.623313 
528.771339,57.621159 
530.208218,57.806727 
531.645097,57.856269 
533.081975,57.935476 
534.518854,58.013027 
535.955733,57.953148 
537.392611,57.924108 
538.829490,57.917587 
540.266369,57.997054 
541.703247,58.119962 
543.140126,58.107533 
544.577004,58.095367 
546.013883,58.124737 
547.450762,58.149402 
548.887640,58.221938 
550.324519,58.332720 
551.761398,58.448102 
553.198276,58.432910 
554.635155,58.355063 
556.072034,58.412592 
557.508912,58.406958 
558.945791,58.363177 
560.382670,58.478133 
561.819548,58.544252 
563.256427,58.517246 
564.693305,58.483017 
566.130184,58.403697 
567.567063,58.419222 
569.003941,58.527417 
570.440820,58.596228 
571.877699,58.622415 
573.314577,58.592833 
574.751456,58.580727 
576.188335,58.635351 
577.625213,58.701477 
579.062092,58.805421 
580.498970,58.938570 
581.935849,59.037266 
583.372728,59.089613 
584.809606,59.151830 
586.246485,59.267548 
587.683364,59.317052 
589.120242,59.327385 
590.557121,59.435003 
591.994000,59.521551 
593.430878,59.617112 
594.867757,59.786473 
596.304636,59.812083 
597.741514,59.783776 
599.178393,59.897316 
600.615271,60.011009 
602.052150,60.097077 
603.489029,60.233541 
604.925907,60.350771 
606.362786,60.445662 
607.799665,60.479562 
609.236543,60.602188 
610.673422,60.783992 
612.110301,60.926893 
613.547179,61.046622 
614.984058,61.152505 
616.420936,61.234422 
617.857815,61.337593 
619.294694,61.493178 
620.731572,61.664158 
622.168451,61.778916 
623.605330,61.863531 
625.042208,61.978375 
626.479087,62.070418 
627.915966,62.147031 
629.352844,62.287423 
630.789723,62.421101 
632.226602,62.492763 
633.663480,62.533254 
635.100359,62.549626 
636.537237,62.606380 
637.974116,62.722947 
639.410995,62.823176 
640.847873,62.882069 
642.284752,62.936182 
643.721631,63.031452 
645.158509,63.137689 
646.595388,63.223646 
648.032267,63.289300 
649.469145,63.318909 
650.906024,63.322015 
652.342902,63.403126 
653.779781,63.524679 
655.216660,63.586402 
656.653538,63.663797 
658.090417,63.774901 
659.527296,63.830066 
660.964174,63.925288 
662.401053,64.118760 
663.837932,64.222038 
665.274810,64.320051 
666.711689,64.528061 
668.148568,64.422675 
669.585446,64.342978 
671.022325,64.446796 
672.459203,64.589695 
673.896082,64.618443 
675.332961,64.674668 
676.769839,64.773937 
678.206718,64.854051 
679.643597,64.951762 
681.080475,65.030676 
682.517354,65.091228 
683.954233,65.181936 
685.391111,65.236810 
686.827990,65.299036 
688.264868,65.471494 
689.701747,65.589470 
691.138626,65.624958 
692.575504,65.689939 
694.012383,65.800207 
695.449262,65.910998 
696.886140,66.016075 
698.323019,66.113858 
699.759898,66.197805 
701.196776,66.288481 
702.633655,66.350821 
704.070533,66.422629 
705.507412,66.500248 
706.944291,66.597889 
708.381169,66.689087 
709.818048,66.770902 
711.254927,66.874506 
712.691805,66.982124 
714.128684,67.055705 
715.565563,67.125295 
717.002441,67.215477 
718.439320,67.302746 
719.876199,67.361718 
721.313077,67.452298 
722.749956,67.601370 
724.186834,67.710940 
725.623713,67.747483 
727.060592,67.816902 
728.497470,67.904362 
729.934349,67.965839 
731.371228,68.055573 
732.808106,68.156704 
734.244985,68.240827 
735.681864,68.338377 
737.118742,68.418972 
738.555621,68.502230 
739.992499,68.624962 
741.429378,68.676493 
742.866257,68.712285 
744.303135,68.848490 
745.740014,68.923317 
747.176893,68.913413 
748.613771,68.981593 
750.050650,69.092604 
751.487529,69.183844 
752.924407,69.268223 
754.361286,69.327229 
755.798165,69.391897 
757.235043,69.490210 
758.671922,69.594624 
760.108800,69.677921 
761.545679,69.710140 
762.982558,69.735299 
764.419436,69.836110 
765.856315,69.968946 
767.293194,70.055713 
768.730072,70.088162 
770.166951,70.096427 
771.603830,70.168894 
773.040708,70.286727 
774.477587,70.296985 
775.914465,70.284708 
777.351344,70.410614 
778.788223,70.527922 
780.225101,70.553239 
781.661980,70.591217 
783.098859,70.628281 
784.535737,70.680693 
785.972616,70.768382 
787.409495,70.805692 
788.846373,70.857864 
790.283252,70.980660 
791.720131,71.093431 
793.157009,71.186809 
794.593888,71.221990 
796.030766,71.202786 
797.467645,71.235969 
798.904524,71.317921 
800.341402,71.437889 
801.778281,71.565611 
803.215160,71.622540 
804.652038,71.662185 
806.088917,71.684042 
807.525796,71.684165 
808.962674,71.770516 
810.399553,71.856638 
811.836431,71.881344 
813.273310,71.965253 
814.710189,72.071920 
816.147067,72.134169 
817.583946,72.163618 
819.020825,72.179976 
820.457703,72.245036 
821.894582,72.323108 
823.331461,72.385589 
824.768339,72.479704 
826.205218,72.550933 
827.642097,72.610487 
829.078975,72.691868 
830.515854,72.725846 
831.952732,72.766716 
833.389611,72.868728 
834.826490,72.981318 
836.263368,73.089734 
837.700247,73.155886 
839.137126,73.191309 
840.574004,73.251881 
842.010883,73.316216 
843.447762,73.388343 
844.884640,73.459278 
846.321519,73.502951 
847.758397,73.571632 
849.195276,73.673415 
850.632155,73.773249 
852.069033,73.857053 
853.505912,73.920866 
854.942791,73.980583 
856.379669,74.026484 
857.816548,74.083934 
859.253427,74.168980 
860.690305,74.214398 
862.127184,74.266718 
863.564063,74.351871 
865.000941,74.371358 
866.437820,74.382289 
867.874698,74.447919 
869.311577,74.521550 
870.748456,74.610911 
872.185334,74.682236 
873.622213,74.727971 
875.059092,74.790619 
876.495970,74.834423 
877.932849,74.886432 
879.369728,74.963625 
880.806606,75.000232 
882.243485,75.016978 
883.680363,75.036442 
885.117242,75.070945 
886.554121,75.135387 
887.990999,75.166001 
889.427878,75.164555 
890.864757,75.160172 
892.301635,75.162600 
893.738514,75.229215 
895.175393,75.289946 
896.612271,75.282430 
898.049150,75.279648 
899.486029,75.264165 
900.922907,75.242144 
902.359786,75.246723 
903.796664,75.197680 
905.233543,75.117724 
906.670422,75.070791 
908.107300,75.026417 
909.544179,74.977714 
910.981058,74.905759 
912.417936,74.817413 
913.854815,74.739688 
915.291694,74.647404 
916.728572,74.571766 
918.165451,74.506960 
919.602329,74.393321 
921.039208,74.275885 
922.476087,74.176758 
923.912965,74.067502 
925.349844,73.952166 
926.786723,73.831491 
928.223601,73.718356 
929.660480,73.597884 
931.097359,73.475281 
932.534237,73.381678 
933.971116,73.263830 
935.407995,73.124344 
936.844873,73.013272 
938.281752,72.908970 
939.718630,72.798666 
941.155509,72.649680 
942.592388,72.501078 
944.029266,72.413733 
945.466145,72.288902 
946.903024,72.162907 
948.339902,72.116789 
949.776781,72.025539 
951.213660,71.884249 
952.650538,71.755756 
954.087417,71.649090 
955.524295,71.597631 
956.961174,71.518985 
958.398053,71.427794 
959.834931,71.389927 
961.271810,71.310893 
962.708689,71.249203 
964.145567,71.221469 
965.582446,71.114237 
967.019325,71.033964 
968.456203,71.011437 
969.893082,70.995677 
971.329961,71.020018 
972.766839,71.000566 
974.203718,70.968347 
975.640596,70.995203 
977.077475,71.006445 
978.514354,71.039750 
979.951232,71.092538 
981.388111,71.132287 
982.824990,71.207872 
984.261868,71.249240 
985.698747,71.273474 
987.135626,71.333196 
988.572504,71.373286 
990.009383,71.452267 
991.446261,71.523389 
992.883140,71.522248 
994.320019,71.583470 
995.756897,71.673743 
997.193776,71.726405 
998.630655,71.797516 
1000.067533,71.855274 
1001.504412,71.908329 
1002.941291,71.971294 
1004.378169,72.029418 
1005.815048,72.091540 
1007.251926,72.106319 
1008.688805,72.135115 
1010.125684,72.202266 
1011.562562,72.200943 
1012.999441,72.216179 
1014.436320,72.249537 
1015.873198,72.204696 
1017.310077,72.173482 
1018.746956,72.116339 
1020.183834,72.007998 
1021.620713,71.961096 
1023.057592,71.901515 
1024.494470,71.805552 
1025.931349,71.706018 
1027.368227,71.570413 
1028.805106,71.474413 
1030.241985,71.395461 
1031.678863,71.290846 
1033.115742,71.197050 
1034.552621,71.056430 
1035.989499,70.936749 
1037.426378,70.858262 
1038.863257,70.719412 
1040.300135,70.623171 
1041.737014,70.551279 
1043.173892,70.438587 
1044.610771,70.390739 
1046.047650,70.331873 
1047.484528,70.253939 
1048.921407,70.245573 
1050.358286,70.239971 
1051.795164,70.274700 
1053.232043,70.324246 
1054.668922,70.332424 
1056.105800,70.415201 
1057.542679,70.513755 
1058.979558,70.549940 
1060.416436,70.569900 
1061.853315,70.552682 
1063.290193,70.539518 
1064.727072,70.554876 
1066.163951,70.595135 
1067.600829,70.665344 
1069.037708,70.687220 
1070.474587,70.728767 
1071.911465,70.814445 
1073.348344,70.854546 
1074.785223,70.954095 
1076.222101,71.085455 
1077.658980,71.179069 
1079.095858,71.315234 
1080.532737,71.405929 
1081.969616,71.496470 
1083.406494,71.675824 
1084.843373,71.793972 
1086.280252,71.891134 
1087.717130,72.021734 
1089.154009,72.131259 
1090.590888,72.277652 
1092.027766,72.415144 
1093.464645,72.543779 
1094.901524,72.706460 
1096.338402,72.845329 
1097.775281,73.027968 
1099.212159,73.212069 
1100.649038,73.326510 
1102.085917,73.486201 
1103.522795,73.639515 
1104.959674,73.771979 
1106.396553,73.942499 
1107.833431,74.056542 
1109.270310,74.184559 
1110.707189,74.352291 
1112.144067,74.451851 
1113.580946,74.560934 
1115.017824,74.687011 
1116.454703,74.813875 
1117.891582,74.967775 
1119.328460,75.057461 
1120.765339,75.149908 
1122.202218,75.290766 
1123.639096,75.394297 
1125.075975,75.528226 
1126.512854,75.665515 
1127.949732,75.759079 
1129.386611,75.871804 
1130.823490,75.954779 
1132.260368,76.057641 
1133.697247,76.201295 
1135.134125,76.270686 
1136.571004,76.355015 
1138.007883,76.481522 
1139.444761,76.572519 
1140.881640,76.682601 
1142.318519,76.775651 
1143.755397,76.851693 
1145.192276,76.969917 
1146.629155,77.060831 
1148.066033,77.137093 
1149.502912,77.211349 
1150.939790,77.253794 
1152.376669,77.322774 
1153.813548,77.380868 
1155.250426,77.410833 
1156.687305,77.465263 
1158.124184,77.499851 
1159.561062,77.536945 
1160.997941,77.593020 
1162.434820,77.622205 
1163.871698,77.662946 
1165.308577,77.705129 
1166.745456,77.741852 
1168.182334,77.790744 
1169.619213,77.798042 
1171.056091,77.812088 
1172.492970,77.853524 
1173.929849,77.851893 
1175.366727,77.853786 
1176.803606,77.868444 
1178.240485,77.880106 
1179.677363,77.918259 
1181.114242,77.923069 
1182.551121,77.905788 
1183.987999,77.914112 
1185.424878,77.919239 
1186.861756,77.948472 
1188.298635,77.977178 
1189.735514,77.970767 
1191.172392,77.975336 
1192.609271,77.968219 
1194.046150,77.953261 
1195.483028,77.946792 
1196.919907,77.909053 
1198.356786,77.879011 
1199.793664,77.852099 
1201.230543,77.788494 
1202.667422,77.723507 
1204.104300,77.636889 
1205.541179,77.528975 
1206.978057,77.425335 
1208.414936,77.299446 
1209.851815,77.174308 
1211.288693,77.023870 
1212.725572,76.825202 
1214.162451,76.648093 
1215.599329,76.467575 
1217.036208,76.271432 
1218.473087,76.090461 
1219.909965,75.904937 
1221.346844,75.769092 
1222.783722,75.689811 
1224.220601,75.657207 
1225.657480,75.722446 
1227.094358,75.835705 
1228.531237,76.017798 
1229.968116,76.292986 
1231.404994,76.579644 
1232.841873,76.895818 
1234.278752,77.201253 
1235.715630,77.445900 
1237.152509,77.689771 
1238.589388,77.906208 
1240.026266,78.092546 
1241.463145,78.257281 
1242.900023,78.354830 
1244.336902,78.456407 
1245.773781,78.577749 
1247.210659,78.663575 
1248.647538,78.749542 
1250.084417,78.820330 
1251.521295,78.876171 
1252.958174,78.938179 
1254.395053,78.964601 
1255.831931,79.000752 
1257.268810,79.056317 
1258.705688,79.075229 
1260.142567,79.089678 
1261.579446,79.093162 
1263.016324,79.082244 
1264.453203,79.083008 
1265.890082,79.062301 
1267.326960,79.041342 
1268.763839,79.021623 
1270.200718,78.988462 
1271.637596,78.997277 
1273.074475,79.012510 
1274.511353,79.017987 
1275.948232,79.045031 
1277.385111,79.056404 
1278.821989,79.097716 
1280.258868,79.178343 
1281.695747,79.245586 
1283.132625,79.341536 
1284.569504,79.431013 
1286.006383,79.498442 
1287.443261,79.613276 
1288.880140,79.737684 
1290.317019,79.855945 
1291.753897,79.974525 
1293.190776,80.084522 
1294.627654,80.227553 
1296.064533,80.349467 
1297.501412,80.437838 
1298.938290,80.561534 
1300.375169,80.660194 
1301.812048,80.733923 
1303.248926,80.830711 
1304.685805,80.865412 
1306.122684,80.896586 
1307.559562,80.921966 
1308.996441,80.941008 
1310.433319,80.975209 
1311.870198,80.995265 
1313.307077,80.999561 
1314.743955,81.012811 
1316.180834,81.023863 
1317.617713,81.030781 
1319.054591,81.031212 
1320.491470,81.025387 
1321.928349,81.047095 
1323.365227,81.049584 
1324.802106,81.034961 
1326.238985,81.039460 
1327.675863,81.003517 
1329.112742,80.957555 
1330.549620,80.917205 
1331.986499,80.869668 
1333.423378,80.828735 
1334.860256,80.787759 
1336.297135,80.721408 
1337.734014,80.654701 
1339.170892,80.563781 
1340.607771,80.500581 
1342.044650,80.519236 
1343.481528,80.517228 
1344.918407,80.476247 
1346.355285,80.422951 
1347.792164,80.377089 
1349.229043,80.375481 
1350.665921,80.338105 
1352.102800,80.311060 
1353.539679,80.325874 
1354.976557,80.303533 
1356.413436,80.293517 
1357.850315,80.277574 
1359.287193,80.242115 
1360.724072,80.231905 
1362.160951,80.130424 
1363.597829,80.058998 
1365.034708,80.161453 
1366.471586,80.204758 
1367.908465,80.198660 
1369.345344,80.189641 
1370.782222,80.173663 
1372.219101,80.164095 
1373.655980,80.111668 
1375.092858,80.073735 
1376.529737,80.121793 
1377.966616,80.117698 
1379.403494,80.119698 
1380.840373,80.163603 
1382.277251,80.184013 
1383.714130,80.207822 
1385.151009,80.221925 
1386.587887,80.211208 
1388.024766,80.204282 
1389.461645,80.226397 
1390.898523,80.265183 
1392.335402,80.290148 
1393.772281,80.259285 
1395.209159,80.233544 
1396.646038,80.226901 
1398.082917,80.239498 
1399.519795,80.259557 
1400.956674,80.281174 
1402.393552,80.331783 
1403.830431,80.353386 
1405.267310,80.275263 
1406.704188,80.358309 
1408.141067,80.445079 
1409.577946,80.471156 
1411.014824,80.532525 
1412.451703,80.568654 
1413.888582,80.678141 
1415.325460,80.786324 
1416.762339,80.810762 
1418.199217,80.971032 
1419.636096,81.079135 
1421.072975,81.151383 
1422.509853,81.387611 
1423.946732,81.527594 
1425.383611,81.739463 
1426.820489,82.029898 
1428.257368,82.153170 
1429.694247,82.336821 
1431.131125,82.586865 
1432.568004,82.758480 
1434.004883,83.017402 
1435.441761,83.213726 
1436.878640,83.352884 
1438.315518,83.638228 
1439.752397,83.857718 
1441.189276,84.084055 
1442.626154,84.314126 
1444.063033,84.537615 
1445.499912,84.755174 
1446.936790,84.894411 
1448.373669,85.028417 
1449.810548,85.239375 
1451.247426,85.430483 
1452.684305,85.633862 
1454.121183,85.799982 
1455.558062,85.886174 
1456.994941,86.004623 
1458.431819,86.175833 
1459.868698,86.396059 
1461.305577,86.616653 
1462.742455,86.775969 
1464.179334,86.922134 
1465.616213,87.127561 
1467.053091,87.324057 
1468.489970,87.515032 
1469.926849,87.658666 
1471.363727,87.805689 
1472.800606,87.977050 
1474.237484,88.025091 
1475.674363,88.187210 
1477.111242,88.403471 
1478.548120,88.578341 
1479.984999,88.740369 
1481.421878,88.862994 
1482.858756,89.010549 
1484.295635,89.180610 
1485.732514,89.224341 
1487.169392,89.284518 
1488.606271,89.344193 
1490.043149,89.315231 
1491.480028,89.404904 
1492.916907,89.508237 
1494.353785,89.567464 
1495.790664,89.614288 
1497.227543,89.622514 
1498.664421,89.697515 
1500.101300,89.775936 
1501.538179,89.828281 
1502.975057,89.918090 
1504.411936,89.967723 
1505.848815,89.928229 
1507.285693,89.774736 
1508.722572,89.786019 
1510.159450,89.926870 
1511.596329,90.027644 
1513.033208,90.080617 
1514.470086,90.131374 
1515.906965,90.103625 
1517.343844,90.046364 
1518.780722,90.106905 
1520.217601,90.134851 
1521.654480,90.191568 
1523.091358,90.204144 
1524.528237,90.142110 
1525.965115,90.110602 
1527.401994,90.123132 
1528.838873,90.183951 
1530.275751,90.245546 
1531.712630,90.176129 
1533.149509,90.104870 
1534.586387,90.020693 
1536.023266,89.942212 
1537.460145,89.914476 
1538.897023,89.827513 
1540.333902,89.689836 
1541.770780,89.640016 
1543.207659,89.415518 
1544.644538,89.274705 
1546.081416,89.296960 
1547.518295,89.299204 
1548.955174,89.240707 
1550.392052,89.085223 
1551.828931,88.963626 
1553.265810,88.925115 
1554.702688,88.818116 
1556.139567,88.700385 
1557.576446,88.671571 
1559.013324,88.581518 
1560.450203,88.218106 
1561.887081,88.102759 
1563.323960,88.028878 
1564.760839,88.042940 
1566.197717,87.863046 
1567.634596,87.725331 
1569.071475,87.650405 
1570.508353,87.346551 
1571.945232,87.177024 
1573.382111,87.054888 
1574.818989,86.897165 
1576.255868,86.763245 
1577.692746,86.435121 
1579.129625,86.235241 
1580.566504,86.080624 
1582.003382,85.850066 
1583.440261,85.672756 
1584.877140,85.432850 
1586.314018,85.117430 
1587.750897,84.838735 
1589.187776,84.504074 
1590.624654,84.180262 
1592.061533,83.886111 
1593.498412,83.505123 
1594.935290,83.157570 
1596.372169,82.821715 
1597.809047,82.450803 
1599.245926,82.137871 
1600.682805,81.712409 
1602.119683,81.286435 
1603.556562,80.923846 
1604.993441,80.481011 
1606.430319,80.158768 
1607.867198,79.779777 
1609.304077,79.308359 
1610.740955,79.060526 
1612.177834,78.780185 
1613.614712,78.524328 
1615.051591,78.422505 
1616.488470,78.130890 
1617.925348,77.783353 
1619.362227,77.690741 
1620.799106,77.666472 
1622.235984,77.721323 
1623.672863,77.625833 
1625.109742,77.619004 
1626.546620,77.811006 
1627.983499,77.903424 
1629.420378,78.072872 
1630.857256,78.360206 
1632.294135,78.621968 
1633.731013,78.924302 
1635.167892,79.207676 
1636.604771,79.251195 
1638.041649,79.498652 
1639.478528,79.849732 
1640.915407,80.195430 
1642.352285,80.553329 
1643.789164,80.879563 
1645.226043,81.167399 
1646.662921,81.428619 
1648.099800,81.706211 
1649.536678,82.052374 
1650.973557,82.413685 
1652.410436,82.764601 
1653.847314,82.909860 
1655.284193,83.144414 
1656.721072,83.470541 
1658.157950,83.790068 
1659.594829,84.092471 
1661.031708,84.365387 
1662.468586,84.671158 
1663.905465,84.930721 
1665.342344,85.165024 
1666.779222,85.374296 
1668.216101,85.581043 
1669.652979,85.803633 
1671.089858,85.969494 
1672.526737,86.056494 
1673.963615,86.201616 
1675.400494,86.355490 
1676.837373,86.543247 
1678.274251,86.757610 
1679.711130,86.799447 
1681.148009,86.771116 
1682.584887,86.886636 
1684.021766,86.994942 
1685.458644,86.953804 
1686.895523,87.030893 
1688.332402,87.058463 
1689.769280,87.085904 
1691.206159,87.142280 
1692.643038,87.177741 
1694.079916,87.248247 
1695.516795,87.323831 
1696.953674,87.121575 
1698.390552,87.069310 
1699.827431,87.110273 
1701.264310,86.883447 
1702.701188,86.788955 
1704.138067,86.809156 
1705.574945,86.809030 
1707.011824,86.724090 
1708.448703,86.664947 
1709.885581,86.646944 
1711.322460,86.632181 
1712.759339,86.624579 
1714.196217,86.538836 
1715.633096,86.411612 
1717.069975,86.381513 
1718.506853,86.239133 
1719.943732,86.172308 
1721.380610,86.237801 
1722.817489,86.218684 
1724.254368,86.140383 
1725.691246,86.150287 
1727.128125,86.133952 
1728.565004,86.140500 
1730.001882,86.161424 
1731.438761,86.168611 
1732.875640,86.241573 
1734.312518,86.273507 
1735.749397,86.200099 
1737.186276,86.318859 
1738.623154,86.442043 
1740.060033,86.523267 
1741.496911,86.640079 
1742.933790,86.755883 
1744.370669,86.823383 
1745.807547,86.908259 
1747.244426,87.009980 
1748.681305,87.136133 
1750.118183,87.280238 
1751.555062,87.383237 
1752.991941,87.514525 
1754.428819,87.696329 
1755.865698,87.868194 
1757.302576,88.028923 
1758.739455,88.191974 
1760.176334,88.351597 
1761.613212,88.516781 
1763.050091,88.662702 
1764.486970,88.810072 
1765.923848,88.985044 
1767.360727,89.094526 
1768.797606,89.188341 
1770.234484,89.323507 
1771.671363,89.481485 
1773.108242,89.607505 
1774.545120,89.687687 
1775.981999,89.790025 
1777.418877,89.936069 
1778.855756,90.042493 
1780.292635,90.145862 
1781.729513,90.276636 
1783.166392,90.390225 
1784.603271,90.492620 
1786.040149,90.616217 
1787.477028,90.747728 
1788.913907,90.799811 
1790.350785,90.802823 
1791.787664,90.845405 
1793.224542,90.917899 
1794.661421,90.921009 
1796.098300,90.938066 
1797.535178,90.985239 
1798.972057,91.007405 
1800.408936,91.022586 
1801.845814,91.035243 
1803.282693,91.082124 
1804.719572,91.143299 
1806.156450,91.165203 
1807.593329,91.186587 
1809.030207,91.229483 
1810.467086,91.237943 
1811.903965,91.261157 
1813.340843,91.299334 
1814.777722,91.334285 
1816.214601,91.389968 
1817.651479,91.441143 
1819.088358,91.503976 
1820.525237,91.551546 
1821.962115,91.560315 
1823.398994,91.626175 
1824.835873,91.722062 
1826.272751,91.786221 
1827.709630,91.870936 
1829.146508,91.924286 
1830.583387,91.992404 
1832.020266,92.101279 
1833.457144,92.189386 
1834.894023,92.309109 
1836.330902,92.405270 
1837.767780,92.518531 
1839.204659,92.672972 
1840.641538,92.772220 
1842.078416,92.821576 
1843.515295,92.955247 
1844.952173,93.040405 
1846.389052,93.069618 
1847.825931,93.111000 
1849.262809,93.166817 
1850.699688,93.288064 
1852.136567,93.353084 
1853.573445,93.368458 
1855.010324,93.445401 
1856.447203,93.485647 
1857.884081,93.532417 
1859.320960,93.594656 
1860.757839,93.628776 
1862.194717,93.685945 
1863.631596,93.702691 
1865.068474,93.691123 
1866.505353,93.740360 
1867.942232,93.785707 
1869.379110,93.835004 
1870.815989,93.873141 
1872.252868,93.857785 
1873.689746,93.901686 
1875.126625,93.910889 
1876.563504,93.910894 
1878.000382,94.025500 
1879.437261,94.036067 
1880.874139,94.051847 
1882.311018,94.096694 
1883.747897,94.055765 
1885.184775,94.172750 
1886.621654,94.245242 
1888.058533,94.167128 
1889.495411,94.153607 
1890.932290,94.095320 
1892.369169,94.029783 
1893.806047,94.055526 
1895.242926,94.051241 
1896.679805,94.105852 
1898.116683,94.152662 
1899.553562,94.085030 
1900.990440,94.063558 
1902.427319,94.010702 
1903.864198,94.051641 
1905.301076,94.206988 
1906.737955,94.142727 
1908.174834,94.088960 
1909.611712,94.162076 
1911.048591,94.155349 
1912.485470,94.188326 
1913.922348,94.190238 
1915.359227,94.184066 
1916.796105,94.223724 
1918.232984,94.224301 
1919.669863,94.237319 
1921.106741,94.238432 
1922.543620,94.183170 
1923.980499,94.214007 
1925.417377,94.208436 
1926.854256,94.177124 
1928.291135,94.169749 
1929.728013,94.113137 
1931.164892,94.141457 
1932.601771,94.220984 
1934.038649,94.231964 
1935.475528,94.266128 
1936.912406,94.257229 
1938.349285,94.265029 
1939.786164,94.348465 
1941.223042,94.356371 
1942.659921,94.362936 
1944.096800,94.360396 
1945.533678,94.269873 
1946.970557,94.344430 
1948.407436,94.412230 
1949.844314,94.373128 
1951.281193,94.518167 
1952.718071,94.502643 
1954.154950,94.537676 
1955.591829,94.684571 
1957.028707,94.533559 
1958.465586,94.473856 
1959.902465,94.498643 
1961.339343,94.538643 
1962.776222,94.886435 
1964.213101,95.022573 
1965.649979,95.040748 
1967.086858,95.163088 
1968.523737,95.023561 
1969.960615,95.064649 
1971.397494,95.110676 
1972.834372,95.028659 
1974.271251,95.122538 
1975.708130,95.038276 
1977.145008,94.857976 
1978.581887,94.863995 
1980.018766,94.772153 
1981.455644,94.769079 
1982.892523,94.723059 
1984.329402,94.554586 
1985.766280,94.594449 
1987.203159,94.608083 
1988.640037,94.567770 
1990.076916,94.601526 
1991.513795,94.597436 
1992.950673,94.573453 
1994.387552,94.507416 
1995.824431,94.426618 
1997.261309,94.673721 
1998.698188,94.856347 
2000.135067,94.915026 
2001.571945,95.228425 
2003.008824,95.219162 
2004.445703,95.226488 
2005.882581,95.162460 
2007.319460,94.811185 
2008.756338,94.988060 
2010.193217,94.924882 
2011.630096,94.684918 
2013.066974,95.073449 
2014.503853,94.978900 
2015.940732,94.706962 
2017.377610,94.824762 
2018.814489,94.656807 
2020.251368,94.871387 
2021.688246,95.275750 
2023.125125,95.256123 
2024.562003,95.353169 
2025.998882,95.141968 
2027.435761,94.936513 
2028.872639,95.198016 
2030.309518,95.224579 
2031.746397,95.141873 
2033.183275,94.929169 
2034.620154,94.784236 
2036.057033,95.072554 
2037.493911,95.061216 
2038.930790,94.977506 
2040.367669,95.070084 
2041.804547,94.893380 
2043.241426,94.868624 
2044.678304,94.793132 
2046.115183,94.556282 
2047.552062,94.645214 
2048.988940,94.684943 
2050.425819,94.699023 
2051.862698,94.677683 
2053.299576,94.344221 
2054.736455,94.290278 
2056.173334,94.458971 
2057.610212,94.403605 
2059.047091,94.359425 
2060.483969,94.185268 
2061.920848,94.087078 
2063.357727,94.303060 
2064.794605,94.336569 
2066.231484,94.267107 
2067.668363,94.218797 
2069.105241,94.099659 
2070.542120,94.163660 
2071.978999,94.175004 
2073.415877,94.080390 
2074.852756,94.079649 
2076.289635,93.946129 
2077.726513,93.918270 
2079.163392,94.026769 
2080.600270,93.913608 
2082.037149,93.909950 
2083.474028,94.069395 
2084.910906,94.079433 
2086.347785,93.981377 
2087.784664,93.820208 
2089.221542,93.796797 
2090.658421,93.856431 
2092.095300,93.718082 
2093.532178,93.678943 
2094.969057,93.854631 
2096.405935,93.964762 
2097.842814,93.951896 
2099.279693,93.851941 
2100.716571,93.865296 
2102.153450,93.887537 
2103.590329,93.732591 
2105.027207,93.740838 
2106.464086,93.820149 
2107.900965,93.753189 
2109.337843,93.774880 
2110.774722,93.714214 
2112.211600,93.537543 
2113.648479,93.537755 
2115.085358,93.591697 
2116.522236,93.604924 
2117.959115,93.600861 
2119.395994,93.567930 
2120.832872,93.579966 
2122.269751,93.542227 
2123.706630,93.476079 
2125.143508,93.508537 
2126.580387,93.609775 
2128.017266,93.778171 
2129.454144,93.813052 
2130.891023,93.668852 
2132.327901,93.581127 
2133.764780,93.457890 
2135.201659,93.484299 
2136.638537,93.706098 
2138.075416,93.654348 
2139.512295,93.624248 
2140.949173,93.716840 
2142.386052,93.653358 
2143.822931,93.789463 
2145.259809,93.927035 
2146.696688,93.866016 
2148.133566,93.850937 
2149.570445,93.722583 
2151.007324,93.825445 
2152.444202,93.970608 
2153.881081,93.760717 
2155.317960,94.160400 
2156.754838,94.707532 
2158.191717,94.348245 
2159.628596,94.155655 
2161.065474,94.260073 
2162.502353,94.142926 
2163.939232,93.935618 
2165.376110,93.850342 
2166.812989,94.120247 
2168.249867,94.174221 
2169.686746,93.944926 
2171.123625,93.989113 
2172.560503,94.076948 
2173.997382,94.180791 
2175.434261,94.195902 
2176.871139,93.993448 
2178.308018,94.231289 
2179.744897,94.486715 
2181.181775,94.293775 
2182.618654,94.186181 
2184.055532,93.928053 
2185.492411,93.708744 
2186.929290,93.851543 
2188.366168,93.820660 
2189.803047,93.757233 
2191.239926,93.862774 
2192.676804,93.941041 
2194.113683,94.048079 
2195.550562,93.996905 
2196.987440,93.991083 
2198.424319,94.120770 
2199.861198,93.937957 
2201.298076,93.789492 
2202.734955,93.827499 
2204.171833,93.787620 
2205.608712,93.855696 
2207.045591,93.852850 
2208.482469,93.804276 
2209.919348,93.907317 
2211.356227,93.835285 
2212.793105,93.826511 
2214.229984,93.920899 
2215.666863,93.763786 
2217.103741,93.783145 
2218.540620,93.948043 
2219.977498,93.867746 
2221.414377,93.768666 
2222.851256,93.657108 
2224.288134,93.578833 
2225.725013,93.615543 
2227.161892,93.585149 
2228.598770,93.652356 
2230.035649,93.771829 
2231.472528,93.673648 
2232.909406,93.561722 
2234.346285,93.541127 
2235.783164,93.512367 
2237.220042,93.465397 
2238.656921,93.444073 
2240.093799,93.480728 
2241.530678,93.476208 
2242.967557,93.501420 
2244.404435,93.583676 
2245.841314,93.518591 
2247.278193,93.450228 
2248.715071,93.408148 
2250.151950,93.298673 
2251.588829,93.346024 
2253.025707,93.427930 
2254.462586,93.388718 
2255.899464,93.389458 
2257.336343,93.369997 
2258.773222,93.334358 
2260.210100,93.333896 
2261.646979,93.296083 
2263.083858,93.293760 
2264.520736,93.346511 
2265.957615,93.303649 
2267.394494,93.268352 
2268.831372,93.266325 
2270.268251,93.287273 
2271.705130,93.313084 
2273.142008,93.295157 
2274.578887,93.272192 
2276.015765,93.250864 
2277.452644,93.200307 
2278.889523,93.172822 
2280.326401,93.139814 
2281.763280,93.091440 
2283.200159,93.059113 
2284.637037,93.008240 
2286.073916,92.976566 
2287.510795,92.944436 
2288.947673,92.875705 
2290.384552,92.857075 
2291.821430,92.827825 
2293.258309,92.791554 
2294.695188,92.763854 
2296.132066,92.740859 
2297.568945,92.687226 
2299.005824,92.625631 
2300.442702,92.564836 
2301.879581,92.473961 
2303.316460,92.459028 
2304.753338,92.345415 
2306.190217,92.285241 
2307.627096,92.193413 
2309.063974,92.070543 
2310.500853,92.022742 
2311.937731,91.989806 
2313.374610,91.931160 
2314.811489,91.875798 
2316.248367,91.822804 
2317.685246,91.754893 
2319.122125,91.633025 
2320.559003,91.495570 
2321.995882,91.393712 
2323.432761,91.284691 
2324.869639,91.223006 
2326.306518,91.218814 
2327.743396,91.215409 
2329.180275,91.195206 
2330.617154,91.161974 
2332.054032,91.187556 
2333.490911,91.280650 
2334.927790,91.296792 
2336.364668,91.242386 
2337.801547,91.209564 
2339.238426,91.169232 
2340.675304,91.129669 
2342.112183,91.073450 
2343.549062,90.983928 
2344.985940,90.945165 
2346.422819,90.973624 
2347.859697,90.998675 
2349.296576,90.985609 
2350.733455,91.005938 
2352.170333,91.079577 
2353.607212,91.182893 
2355.044091,91.252322 
2356.480969,91.286419 
2357.917848,91.309710 
2359.354727,91.342104 
2360.791605,91.424309 
2362.228484,91.476515 
2363.665362,91.467683 
2365.102241,91.507547 
2366.539120,91.613352 
2367.975998,91.651747 
2369.412877,91.650597 
2370.849756,91.706984 
2372.286634,91.761307 
2373.723513,91.743602 
2375.160392,91.768646 
2376.597270,91.819327 
2378.034149,91.853249 
2379.471027,91.913543 
2380.907906,91.978728 
2382.344785,92.046247 
2383.781663,92.116544 
2385.218542,92.168405 
2386.655421,92.222055 
2388.092299,92.242864 
2389.529178,92.221681 
2390.966057,92.194344 
2392.402935,92.155390 
2393.839814,92.145255 
2395.276693,92.157173 
2396.713571,92.098013 
2398.150450,92.035945 
2399.587328,92.016121 
2401.024207,91.984317 
2402.461086,91.986685 
2403.897964,91.979430 
2405.334843,91.912871 
2406.771722,91.883620 
2408.208600,91.876791 
2409.645479,91.857975 
2411.082358,91.844418 
2412.519236,91.809935 
2413.956115,91.805906 
2415.392993,91.807635 
2416.829872,91.754058 
2418.266751,91.749858 
2419.703629,91.763455 
2421.140508,91.708000 
2422.577387,91.676619 
2424.014265,91.651750 
2425.451144,91.591723 
2426.888023,91.580677 
2428.324901,91.591370 
2429.761780,91.585043 
2431.198659,91.584654 
2432.635537,91.548682 
2434.072416,91.504513 
2435.509294,91.515550 
2436.946173,91.519310 
2438.383052,91.477354 
2439.819930,91.437077 
2441.256809,91.406261 
2442.693688,91.394026 
2444.130566,91.420288 
2445.567445,91.430746 
2447.004324,91.398829 
2448.441202,91.368881 
2449.878081,91.339588 
2451.314959,91.313378 
2452.751838,91.300403 
2454.188717,91.271276 
2455.625595,91.250713 
2457.062474,91.249015 
2458.499353,91.227983 
2459.936231,91.215810 
2461.373110,91.209428 
2462.809989,91.182682 
2464.246867,91.172798 
2465.683746,91.149709 
2467.120625,91.084767 
2468.557503,91.044369 
2469.994382,91.053406 
2471.431260,91.083367 
2472.868139,91.092537 
2474.305018,91.059068 
2475.741896,91.012306 
2477.178775,90.959738 
2478.615654,90.924104 
2480.052532,90.925422 
2481.489411,90.908801 
2482.926290,90.876087 
2484.363168,90.863308 
2485.800047,90.857035 
2487.236925,90.864214 
2488.673804,90.853539 
2490.110683,90.816360 
2491.547561,90.808710 
2492.984440,90.774330 
2494.421319,90.703122 
2495.858197,90.711800 
2497.295076,90.756094 
2498.731955,90.734311 
2500.168833,90.688137 
2501.605712,90.648007 
2503.042591,90.590348 
2504.479469,90.534980 
2505.916348,90.522395 
2507.353226,90.548021 
2508.790105,90.578177 
2510.226984,90.605257 
2511.663862,90.609669 
2513.100741,90.569879 
2514.537620,90.529504 
2515.974498,90.526800 
2517.411377,90.534424 
2518.848256,90.511394 
2520.285134,90.467861 
2521.722013,90.455628 
2523.158891,90.464286 
2524.595770,90.444005 
2526.032649,90.411973 
2527.469527,90.397842 
2528.906406,90.382918 
2530.343285,90.340955 
2531.780163,90.295958 
2533.217042,90.292886 
2534.653921,90.306153 
2536.090799,90.293811 
2537.527678,90.273897 
2538.964557,90.275008 
2540.401435,90.290392 
2541.838314,90.251651 
2543.275192,90.160028 
2544.712071,90.141727 
2546.148950,90.180703 
2547.585828,90.168508 
2549.022707,90.142345 
2550.459586,90.146258 
2551.896464,90.163398 
2553.333343,90.160608 
2554.770222,90.102692 
2556.207100,90.049647 
2557.643979,90.033049 
2559.080857,90.022928 
2560.517736,90.046973 
2561.954615,90.050109 
2563.391493,89.990295 
2564.828372,89.959717 
2566.265251,89.948669 
2567.702129,89.928669 
2569.139008,89.937822 
2570.575887,89.937879 
2572.012765,89.928537 
2573.449644,89.919840 
2574.886523,89.886980 
2576.323401,89.884995 
2577.760280,89.889099 
2579.197158,89.851763 
2580.634037,89.848470 
2582.070916,89.850886 
2583.507794,89.810297 
2584.944673,89.794867 
2586.381552,89.784285 
2587.818430,89.742292 
2589.255309,89.727547 
2590.692188,89.741589 
2592.129066,89.725692 
2593.565945,89.684781 
2595.002823,89.681215 
2596.439702,89.695144 
2597.876581,89.661859 
2599.313459,89.626149 
2600.750338,89.615334 
2602.187217,89.593517 
2603.624095,89.585655 
2605.060974,89.584724 
2606.497853,89.556582 
2607.934731,89.528464 
2609.371610,89.509046 
2610.808489,89.492694 
2612.245367,89.467437 
2613.682246,89.422122 
2615.119124,89.406004 
2616.556003,89.418871 
2617.992882,89.411181 
2619.429760,89.390289 
2620.866639,89.346674 
2622.303518,89.295993 
2623.740396,89.298787 
2625.177275,89.315072 
2626.614154,89.292403 
2628.051032,89.256829 
2629.487911,89.218317 
2630.924789,89.184943 
2632.361668,89.175718 
2633.798547,89.166914 
2635.235425,89.132506 
2636.672304,89.090063 
2638.109183,89.067696 
2639.546061,89.063484 
2640.982940,89.059585 
2642.419819,89.037081 
2643.856697,88.982521 
2645.293576,88.926562 
2646.730454,88.900323 
2648.167333,88.883646 
2649.604212,88.864843 
2651.041090,88.839035 
2652.477969,88.793236 
2653.914848,88.754264 
2655.351726,88.736965 
2656.788605,88.710395 
2658.225484,88.667627 
2659.662362,88.631773 
2661.099241,88.611697 
2662.536120,88.589583 
2663.972998,88.549889 
2665.409877,88.509257 
2666.846755,88.490992 
2668.283634,88.484229 
2669.720513,88.448252 
2671.157391,88.392094 
2672.594270,88.372179 
2674.031149,88.361456 
2675.468027,88.327143 
2676.904906,88.322806 
2678.341785,88.317093 
2679.778663,88.256708 
2681.215542,88.205628 
2682.652420,88.166347 
2684.089299,88.110047 
2685.526178,88.096305 
2686.963056,88.104047 
2688.399935,88.068218 
2689.836814,88.025009 
2691.273692,87.998420 
2692.710571,87.967574 
2694.147450,87.938557 
2695.584328,87.911308 
2697.021207,87.879134 
2698.458086,87.857419 
2699.894964,87.840800 
2701.331843,87.809127 
2702.768721,87.787174 
2704.205600,87.778388 
2705.642479,87.737075 
2707.079357,87.691587 
2708.516236,87.679206 
2709.953115,87.650531 
2711.389993,87.605717 
2712.826872,87.582849 
2714.263751,87.560960 
2715.700629,87.527302 
2717.137508,87.487968 
2718.574386,87.460421 
2720.011265,87.460525 
2721.448144,87.446056 
2722.885022,87.401234 
2724.321901,87.358239 
2725.758780,87.318212 
2727.195658,87.292195 
2728.632537,87.285238 
2730.069416,87.269843 
2731.506294,87.243215 
2732.943173,87.208550 
2734.380052,87.174150 
2735.816930,87.151995 
2737.253809,87.128088 
2738.690687,87.105828 
2740.127566,87.085296 
2741.564445,87.053078 
2743.001323,87.032102 
2744.438202,87.020414 
2745.875081,86.987244 
2747.311959,86.943508 
2748.748838,86.916541 
2750.185717,86.907617 
2751.622595,86.885903 
2753.059474,86.848182 
2754.496352,86.828235 
2755.933231,86.812410 
2757.370110,86.785648 
2758.806988,86.765183 
2760.243867,86.745450 
2761.680746,86.723828 
2763.117624,86.692225 
2764.554503,86.658772 
2765.991382,86.657605 
2767.428260,86.650850 
2768.865139,86.617047 
2770.302018,86.593060 
2771.738896,86.565339 
2773.175775,86.554211 
2774.612653,86.572432 
2776.049532,86.553710 
2777.486411,86.517729 
2778.923289,86.501343 
2780.360168,86.480401 
2781.797047,86.475422 
2783.233925,86.475712 
2784.670804,86.453800 
2786.107683,86.436430 
2787.544561,86.427661 
2788.981440,86.432915 
2790.418318,86.435193 
2791.855197,86.396869 
2793.292076,86.368371 
2794.728954,86.377359 
2796.165833,86.385573 
2797.602712,86.388937 
2799.039590,86.378165 
2800.476469,86.359617 
2801.913348,86.354828 
2803.350226,86.351588 
2804.787105,86.359932 
2806.223984,86.363493 
2807.660862,86.331191 
2809.097741,86.311496 
2810.534619,86.324046 
2811.971498,86.340691 
2813.408377,86.360678 
2814.845255,86.365405 
2816.282134,86.348520 
2817.719013,86.337828 
2819.155891,86.343377 
2820.592770,86.358675 
2822.029649,86.359966 
2823.466527,86.341824 
2824.903406,86.329861 
2826.340284,86.321953 
2827.777163,86.314638 
2829.214042,86.327562 
2830.650920,86.353624 
2832.087799,86.358585 
2833.524678,86.337738 
2834.961556,86.330504 
2836.398435,86.343063 
2837.835314,86.345357 
2839.272192,86.342754 
2840.709071,86.335303 
2842.145950,86.315516 
2843.582828,86.309326 
2845.019707,86.317645 
2846.456585,86.319017 
2847.893464,86.305698 
2849.330343,86.283266 
2850.767221,86.270143 
2852.204100,86.247935 
2853.640979,86.210951 
2855.077857,86.211808 
2856.514736,86.238533 
2857.951615,86.244957 
2859.388493,86.246780 
2860.825372,86.250568 
2862.262250,86.248153 
2863.699129,86.243932 
2865.136008,86.227065 
2866.572886,86.201444 
2868.009765,86.193267 
2869.446644,86.195978 
2870.883522,86.174419 
2872.320401,86.147861 
2873.757280,86.156455 
2875.194158,86.150182 
2876.631037,86.095868 
2878.067916,86.051556 
2879.504794,86.034838 
2880.941673,86.014682 
2882.378551,85.965708 
2883.815430,85.906320 
2885.252309,85.893973 
2886.689187,85.887619 
2888.126066,85.845031 
2889.562945,85.829040 
2890.999823,85.810679 
2892.436702,85.758614 
2893.873581,85.746878 
2895.310459,85.748644 
2896.747338,85.712491 
2898.184216,85.667398 
2899.621095,85.622409 
2901.057974,85.588619 
2902.494852,85.555502 
2903.931731,85.505502 
2905.368610,85.470162 
2906.805488,85.440222 
2908.242367,85.400749 
2909.679246,85.356503 
2911.116124,85.302779 
2912.553003,85.280304 
2913.989882,85.255724 
2915.426760,85.164874 
2916.863639,85.084604 
2918.300517,85.040661 
2919.737396,84.982095 
2921.174275,84.927005 
2922.611153,84.880241 
2924.048032,84.853112 
2925.484911,84.841918 
2926.921789,84.794396 
2928.358668,84.739011 
2929.795547,84.699551 
2931.232425,84.652328 
2932.669304,84.618450 
2934.106182,84.586545 
2935.543061,84.543564 
2936.979940,84.509992 
2938.416818,84.471742 
2939.853697,84.429874 
2941.290576,84.387740 
2942.727454,84.339919 
2944.164333,84.299421 
2945.601212,84.246362 
2947.038090,84.177369 
2948.474969,84.106707 
2949.911847,84.025380 
2951.348726,83.957381 
2952.785605,83.897559 
2954.222483,83.824626 
2955.659362,83.764262 
2957.096241,83.705594 
2958.533119,83.647687 
2959.969998,83.595948 
2961.406877,83.516810 
2962.843755,83.439117 
2964.280634,83.372513 
2965.717513,83.297483 
2967.154391,83.248332 
2968.591270,83.188855 
2970.028148,83.098454 
2971.465027,83.024797 
2972.901906,82.952059 
2974.338784,82.901396 
2975.775663,82.869718 
2977.212542,82.779987 
2978.649420,82.668951 
2980.086299,82.562864 
2981.523178,82.459901 
2982.960056,82.455295 
2984.396935,82.519512 
2985.833813,82.529542 
2987.270692,82.488489 
2988.707571,82.448395 
2990.144449,82.419286 
2991.581328,82.365276 
2993.018207,82.291052 
2994.455085,82.255896 
2995.891964,82.232279 
2997.328843,82.188892 
2998.765721,82.153263 
3000.202600,82.110575 
3001.639479,82.070626 
3003.076357,82.053242 
3004.513236,82.027143 
3005.950114,81.994454 
3007.386993,81.958655 
3008.823872,81.909619 
3010.260750,81.877070 
3011.697629,81.856479 
3013.134508,81.806755 
3014.571386,81.740198 
3016.008265,81.693705 
3017.445144,81.661365 
3018.882022,81.623422 
3020.318901,81.574521 
3021.755779,81.512362 
3023.192658,81.475558 
3024.629537,81.467300 
3026.066415,81.405804 
3027.503294,81.321337 
3028.940173,81.294042 
3030.377051,81.266284 
3031.813930,81.197523 
3033.250809,81.114978 
3034.687687,81.048940 
3036.124566,81.030241 
3037.561445,81.008881 
3038.998323,80.955801 
3040.435202,80.908497 
3041.872080,80.845789 
3043.308959,80.781080 
3044.745838,80.742670 
3046.182716,80.708583 
3047.619595,80.694820 
3049.056474,80.663825 
3050.493352,80.583859 
3051.930231,80.530744 
3053.367110,80.509629 
3054.803988,80.486268 
3056.240867,80.451032 
3057.677745,80.384336 
3059.114624,80.318969 
3060.551503,80.265909 
3061.988381,80.233022 
3063.425260,80.239350 
3064.862139,80.204327 
3066.299017,80.124990 
3067.735896,80.077421 
3069.172775,80.040368 
3070.609653,80.009884 
3072.046532,79.971806 
3073.483411,79.909749 
3074.920289,79.872502 
3076.357168,79.835324 
3077.794046,79.800904 
3079.230925,79.794426 
3080.667804,79.749348 
3082.104682,79.705547 
3083.541561,79.688526 
3084.978440,79.623541 
3086.415318,79.559642 
3087.852197,79.527118 
3089.289076,79.494221 
3090.725954,79.470999 
3092.162833,79.437481 
3093.599711,79.416587 
3095.036590,79.409860 
3096.473469,79.365520 
3097.910347,79.325775 
3099.347226,79.298842 
3100.784105,79.261158 
3102.220983,79.234125 
3103.657862,79.200014 
3105.094741,79.168352 
3106.531619,79.125918 
3107.968498,79.063191 
3109.405377,79.046984 
3110.842255,79.036861 
3112.279134,79.017333 
3113.716012,79.020040 
3115.152891,78.974169 
3116.589770,78.939469 
3118.026648,78.931026 
3119.463527,78.853477 
3120.900406,78.826653 
3122.337284,78.845588 
3123.774163,78.798640 
3125.211042,78.781136 
3126.647920,78.770489 
3128.084799,78.727370 
3129.521677,78.707015 
3130.958556,78.664294 
3132.395435,78.646493 
3133.832313,78.650604 
3135.269192,78.594463 
3136.706071,78.581825 
3138.142949,78.600520 
3139.579828,78.583608 
3141.016707,78.591812 
3142.453585,78.561559 
3143.890464,78.482724 
3145.327343,78.446221 
3146.764221,78.440855 
3148.201100,78.440297 
3149.637978,78.395503 
3151.074857,78.346306 
3152.511736,78.361560 
3153.948614,78.349323 
3155.385493,78.330896 
3156.822372,78.332689 
3158.259250,78.268310 
3159.696129,78.231117 
3161.133008,78.246169 
3162.569886,78.227764 
3164.006765,78.214781 
3165.443643,78.196801 
3166.880522,78.196130 
3168.317401,78.225791 
3169.754279,78.181746 
3171.191158,78.122253 
3172.628037,78.104819 
3174.064915,78.100740 
3175.501794,78.157679 
3176.938673,78.180873 
3178.375551,78.108811 
3179.812430,78.084791 
3181.249309,78.118164 
3182.686187,78.109318 
3184.123066,78.045444 
3185.559944,78.009734 
3186.996823,78.033181 
3188.433702,78.022015 
3189.870580,78.007547 
3191.307459,78.029099 
3192.744338,78.011478 
3194.181216,78.008771 
3195.618095,78.035679 
3197.054974,78.042330 
3198.491852,78.062910 
3199.928731,78.053820 
3201.365609,78.033918 
3202.802488,78.042289 
3204.239367,78.007860 
3205.676245,77.993584 
3207.113124,78.021092 
3208.550003,78.029404 
3209.986881,78.058095 
3211.423760,78.057887 
3212.860639,78.055874 
3214.297517,78.114244 
3215.734396,78.102807 
3217.171274,78.063363 
3218.608153,78.077401 
3220.045032,78.076133 
3221.481910,78.102448 
3222.918789,78.133491 
3224.355668,78.130842 
3225.792546,78.157352 
3227.229425,78.179065 
3228.666304,78.213384 
3230.103182,78.244787 
3231.540061,78.194036 
3232.976940,78.176990 
3234.413818,78.232987 
3235.850697,78.286083 
3237.287575,78.319370 
3238.724454,78.301248 
3240.161333,78.314934 
3241.598211,78.368146 
3243.035090,78.368165 
3244.471969,78.401588 
3245.908847,78.430918 
3247.345726,78.394094 
3248.782605,78.407903 
3250.219483,78.422125 
3251.656362,78.426346 
3253.093240,78.474983 
3254.530119,78.477950 
3255.966998,78.474927 
3257.403876,78.493946 
3258.840755,78.497998 
3260.277634,78.546163 
3261.714512,78.570979 
3263.151391,78.559196 
3264.588270,78.582027 
3266.025148,78.588278 
3267.462027,78.615346 
3268.898906,78.655207 
3270.335784,78.658482 
3271.772663,78.702682 
3273.209541,78.715546 
3274.646420,78.671872 
3276.083299,78.672251 
3277.520177,78.659220 
3278.957056,78.656399 
3280.393935,78.685918 
3281.830813,78.680920 
3283.267692,78.701937 
3284.704571,78.731690 
3286.141449,78.751794 
3287.578328,78.792819 
3289.015206,78.783332 
3290.452085,78.799753 
3291.888964,78.850590 
3293.325842,78.810051 
3294.762721,78.793636 
3296.199600,78.823172 
3297.636478,78.818824 
3299.073357,78.831988 
3300.510236,78.807035 
3301.947114,78.772790 
3303.383993,78.807250 
3304.820872,78.824308 
3306.257750,78.841218 
3307.694629,78.853948 
3309.131507,78.821714 
3310.568386,78.827748 
3312.005265,78.829985 
3313.442143,78.799711 
3314.879022,78.801335 
3316.315901,78.812502 
3317.752779,78.830700 
3319.189658,78.821546 
3320.626537,78.807954 
3322.063415,78.868604 
3323.500294,78.887438 
3324.937172,78.853506 
3326.374051,78.856417 
3327.810930,78.851408 
3329.247808,78.880298 
3330.684687,78.898491 
3332.121566,78.841008 
3333.558444,78.855569 
3334.995323,78.894729 
3336.432202,78.865137 
3337.869080,78.873279 
3339.305959,78.893067 
3340.742838,78.887680 
3342.179716,78.895533 
3343.616595,78.902390 
3345.053473,78.911434 
3346.490352,78.909461 
3347.927231,78.924784 
3349.364109,78.967451 
3350.800988,78.966876 
3352.237867,78.963913 
3353.674745,78.981283 
3355.111624,78.993648 
3356.548503,79.015033 
3357.985381,79.001192 
3359.422260,79.014164 
3360.859138,79.060534 
3362.296017,79.021769 
3363.732896,79.028910 
3365.169774,79.110893 
3366.606653,79.116444 
3368.043532,79.117711 
3369.480410,79.138230 
3370.917289,79.165272 
3372.354168,79.233594 
3373.791046,79.255942 
3375.227925,79.271290 
3376.664804,79.307917 
3378.101682,79.302654 
3379.538561,79.338049 
3380.975439,79.385099 
3382.412318,79.413122 
3383.849197,79.481842 
3385.286075,79.502078 
3386.722954,79.509668 
3388.159833,79.546138 
3389.596711,79.543881 
3391.033590,79.606565 
3392.470469,79.687198 
3393.907347,79.679151 
3395.344226,79.682476 
3396.781104,79.678346 
3398.217983,79.694171 
3399.654862,79.773912 
3401.091740,79.820186 
3402.528619,79.891077 
3403.965498,79.973886 
3405.402376,80.003741 
3406.839255,80.063444 
3408.276134,80.095494 
3409.713012,80.093064 
3411.149891,80.136137 
3412.586770,80.186172 
3414.023648,80.269725 
3415.460527,80.330317 
3416.897405,80.335101 
3418.334284,80.393022 
3419.771163,80.420728 
3421.208041,80.434663 
3422.644920,80.530222 
3424.081799,80.579174 
3425.518677,80.631580 
3426.955556,80.720170 
3428.392435,80.766420 
3429.829313,80.855619 
3431.266192,80.914283 
3432.703070,80.906396 
3434.139949,80.978613 
3435.576828,81.059170 
3437.013706,81.098788 
3438.450585,81.128977 
3439.887464,81.163704 
3441.324342,81.268600 
3442.761221,81.326706 
3444.198100,81.336546 
3445.634978,81.440751 
3447.071857,81.496668 
3448.508736,81.514984 
3449.945614,81.606158 
3451.382493,81.640029 
3452.819371,81.680828 
3454.256250,81.790483 
3455.693129,81.866076 
3457.130007,81.904106 
3458.566886,81.910218 
3460.003765,81.968166 
3461.440643,82.091990 
3462.877522,82.125857 
3464.314401,82.131846 
3465.751279,82.178840 
3467.188158,82.233754 
3468.625036,82.352020 
3470.061915,82.429014 
3471.498794,82.435245 
3472.935672,82.517640 
3474.372551,82.623344 
3475.809430,82.679838 
3477.246308,82.712435 
3478.683187,82.739057 
3480.120066,82.809542 
3481.556944,82.887564 
3482.993823,82.914866 
3484.430701,82.938219 
3485.867580,82.986481 
3487.304459,83.029708 
3488.741337,83.035011 
3490.178216,83.101026 
3491.615095,83.250721 
3493.051973,83.308328 
3494.488852,83.317323 
3495.925731,83.393922 
3497.362609,83.460894 
3498.799488,83.521062 
3500.236367,83.562045 
3501.673245,83.577015 
3503.110124,83.637589 
3504.547002,83.636735 
3505.983881,83.626685 
3507.420760,83.738057 
3508.857638,83.806169 
3510.294517,83.810044 
3511.731396,83.867616 
3513.168274,83.908922 
3514.605153,83.931196 
3516.042032,83.981905 
3517.478910,84.064130 
3518.915789,84.150072 
3520.352667,84.204168 
3521.789546,84.269536 
3523.226425,84.267320 
3524.663303,84.181425 
3526.100182,84.222781 
3527.537061,84.268519 
3528.973939,84.206963 
3530.410818,84.219742 
3531.847697,84.266681 
3533.284575,84.334107 
3534.721454,84.446318 
3536.158333,84.459507 
3537.595211,84.438767 
3539.032090,84.511273 
3540.468968,84.572855 
3541.905847,84.577086 
3543.342726,84.556096 
3544.779604,84.574449 
3546.216483,84.598352 
3547.653362,84.506362 
3549.090240,84.477026 
3550.527119,84.563940 
3551.963998,84.569078 
3553.400876,84.517444 
3554.837755,84.570229 
3556.274633,84.669200 
3557.711512,84.731712 
3559.148391,84.807268 
3560.585269,84.915839 
3562.022148,84.920147 
3563.459027,84.892524 
3564.895905,84.991486 
3566.332784,85.040565 
3567.769663,84.849112 
3569.206541,84.685181 
3570.643420,84.701297 
3572.080299,84.785418 
3573.517177,84.897795 
3574.954056,85.020856 
3576.390934,85.091763 
3577.827813,85.133305 
3579.264692,85.294606 
3580.701570,85.418924 
3582.138449,85.405073 
3583.575328,85.462027 
3585.012206,85.486880 
3586.449085,85.430787 
3587.885964,85.433190 
3589.322842,85.331359 
3590.759721,85.354371 
3592.196599,85.554469 
3593.633478,85.707241 
3595.070357,85.828565 
3596.507235,85.855316 
3597.944114,85.851042 
3599.380993,86.061493 
3600.817871,86.254703 
3602.254750,86.347760 
3603.691629,86.472649 
3605.128507,86.532452 
3606.565386,86.719053 
3608.002265,87.001485 
3609.439143,87.073219 
3610.876022,87.290903 
3612.312900,87.528957 
3613.749779,87.483362 
3615.186658,87.572551 
3616.623536,87.875817 
3618.060415,88.198468 
3619.497294,88.448659 
3620.934172,88.486334 
3622.371051,88.671724 
3623.807930,88.988473 
3625.244808,89.228165 
3626.681687,89.489580 
3628.118565,89.923055 
3629.555444,90.340377 
3630.992323,90.181090 
3632.429201,90.302764 
3633.866080,90.656193 
3635.302959,90.970490 
3636.739837,91.352623 
3638.176716,91.822464 
3639.613595,92.105743 
3641.050473,92.412023 
3642.487352,92.827002 
3643.924231,93.154976 
3645.361109,93.553304 
3646.797988,93.967775 
3648.234866,94.220466 
3649.671745,94.507608 
3651.108624,94.609374 
3652.545502,94.576186 
3653.982381,94.788482 
3655.419260,95.074432 
3656.856138,95.471360 
3658.293017,95.763184 
3659.729896,95.972424 
3661.166774,96.256440 
3662.603653,96.591586 
3664.040531,96.984583 
3665.477410,97.170863 
3666.914289,97.246022 
3668.351167,97.328931 
3669.788046,97.564062 
3671.224925,97.841230 
3672.661803,97.846392 
3674.098682,97.808089 
3675.535561,97.929576 
3676.972439,98.029064 
3678.409318,98.030347 
3679.846197,98.111657 
3681.283075,98.228373 
3682.719954,98.352809 
3684.156832,98.490172 
3685.593711,98.564727 
3687.030590,98.655352 
3688.467468,98.776630 
3689.904347,98.862838 
3691.341226,98.945076 
3692.778104,98.909599 
3694.214983,98.885869 
3695.651862,99.000917 
3697.088740,99.069194 
3698.525619,99.082838 
3699.962497,99.133882 
3701.399376,99.209335 
3702.836255,99.237699 
3704.273133,99.249937 
3705.710012,99.268768 
3707.146891,99.252779 
3708.583769,99.154746 
3710.020648,99.108167 
3711.457527,99.168771 
3712.894405,99.178482 
3714.331284,99.212442 
3715.768163,99.236160 
3717.205041,99.232942 
3718.641920,99.199236 
3720.078798,99.105857 
3721.515677,99.106280 
3722.952556,99.187658 
3724.389434,99.124171 
3725.826313,99.091000 
3727.263192,99.159773 
3728.700070,99.145003 
3730.136949,99.129735 
3731.573828,99.251533 
3733.010706,99.464168 
3734.447585,99.405848 
3735.884463,99.184224 
3737.321342,99.193090 
3738.758221,99.290048 
3740.195099,99.281435 
3741.631978,99.201941 
3743.068857,99.199777 
3744.505735,99.551922 
3745.942614,99.817551 
3747.379493,99.635229 
3748.816371,99.683328 
3750.253250,99.808073 
3751.690129,100.006950 
3753.127007,100.042141 
3754.563886,99.578715 
3756.000764,99.419103 
3757.437643,99.583646 
3758.874522,99.696122 
3760.311400,99.823418 
3761.748279,99.794205 
3763.185158,99.546140 
3764.622036,99.568168 
3766.058915,99.840566 
3767.495794,99.864238 
3768.932672,99.824256 
3770.369551,99.822274 
3771.806429,99.709449 
3773.243308,99.609375 
3774.680187,99.540693 
3776.117065,99.529232 
3777.553944,99.496894 
3778.990823,99.494631 
3780.427701,99.534574 
3781.864580,99.462099 
3783.301459,99.404722 
3784.738337,99.388382 
3786.175216,99.368135 
3787.612094,99.398490 
3789.048973,99.416140 
3790.485852,99.386491 
3791.922730,99.352838 
3793.359609,99.335009 
3794.796488,99.388863 
3796.233366,99.538616 
3797.670245,99.453862 
3799.107124,99.197319 
3800.544002,99.164756 
3801.980881,99.474727 
3803.417760,99.446910 
3804.854638,99.108526 
3806.291517,98.902183 
3807.728395,98.917820 
3809.165274,99.024174 
3810.602153,99.119859 
3812.039031,99.156039 
3813.475910,99.100454 
3814.912789,99.205244 
3816.349667,99.579411 
3817.786546,99.484789 
3819.223425,99.151949 
3820.660303,99.074066 
3822.097182,99.327347 
3823.534060,99.191650 
3824.970939,99.019124 
3826.407818,99.015522 
3827.844696,99.020375 
3829.281575,98.986654 
3830.718454,99.101623 
3832.155332,99.306275 
3833.592211,99.358465 
3835.029090,99.325983 
3836.465968,99.342773 
3837.902847,99.320024 
3839.339726,99.100317 
3840.776604,98.950723 
3842.213483,98.980979 
3843.650361,98.992031 
3845.087240,99.011330 
3846.524119,99.082174 
3847.960997,99.141901 
3849.397876,99.164043 
3850.834755,99.191602 
3852.271633,99.481221 
3853.708512,100.097544 
3855.145391,99.458901 
3856.582269,98.993556 
3858.019148,98.962759 
3859.456026,98.996955 
3860.892905,99.034446 
3862.329784,99.082302 
3863.766662,99.187203 
3865.203541,99.289136 
3866.640420,99.143010 
3868.077298,99.136154 
3869.514177,99.390474 
3870.951056,99.323679 
3872.387934,99.035022 
3873.824813,99.073319 
3875.261692,99.096474 
3876.698570,99.027847 
3878.135449,99.081014 
3879.572327,99.256398 
3881.009206,99.385894 
3882.446085,99.149149 
3883.882963,98.962664 
3885.319842,99.085171 
3886.756721,99.268665 
3888.193599,99.125721 
3889.630478,99.031912 
3891.067357,99.047592 
3892.504235,99.072010 
3893.941114,99.096503 
3895.377992,99.156333 
3896.814871,99.173143 
3898.251750,99.186811 
3899.688628,99.261013 
3901.125507,99.229707 
3902.562386,99.056461 
3903.999264,98.897621 
3905.436143,98.870505 
3906.873022,98.926417 
3908.309900,98.910541 
3909.746779,98.905748 
3911.183658,99.043748 
3912.620536,99.116668 
3914.057415,99.168953 
3915.494293,99.152305 
3916.931172,99.169180 
3918.368051,99.147902 
3919.804929,99.111106 
3921.241808,99.091843 
3922.678687,99.056758 
3924.115565,99.016645 
3925.552444,99.031978 
3926.989323,99.056431 
3928.426201,99.031841 
3929.863080,99.006041 
3931.299958,98.984644 
3932.736837,98.970933 
3934.173716,98.972529 
3935.610594,98.934247 
3937.047473,98.934138 
3938.484352,98.964756 
3939.921230,98.979142 
3941.358109,98.977942 
3942.794988,98.991686 
3944.231866,98.979944 
3945.668745,98.968080 
3947.105624,98.949810 
3948.542502,98.935644 
3949.979381,98.950354 
3951.416259,98.969163 
3952.853138,98.957889 
3954.290017,98.937572 
3955.726895,98.920965 
3957.163774,98.956846 
3958.600653,98.990940 
3960.037531,98.975507 
3961.474410,98.937054 
3962.911289,98.933925 
3964.348167,98.994488 
3965.785046,98.998879 
3967.221924,98.966409 
3968.658803,99.007986 
3970.095682,98.988714 
3971.532560,98.912524 
3972.969439,98.928788 
3974.406318,98.934526 
3975.843196,98.927948 
3977.280075,98.977413 
3978.716954,98.971026 
3980.153832,98.934856 
3981.590711,98.932854 
3983.027590,98.937749 
3984.464468,98.968076 
3985.901347,98.969668 
3987.338225,98.922038 
3988.775104,98.909100 
3990.211983,98.922735 
3991.648861,98.928210 
3993.085740,98.918666 
3994.522619,98.899890 
3995.959497,98.904997 
3997.396376,98.931319 
3998.833255,98.969077 
4000.270133,98.978921 