GO_x,GO_y
3495.35,1915.21
3494.08,2097.05
3492.81,2237.79
3491.53,2366.53
3490.26,2477
3488.99,2527.05
3487.71,2606.05
3486.44,2649.37
3485.17,2706.05
3483.89,2732.58
3482.62,2798.58
3481.34,2816.32
3480.06,2884.21
3478.79,2898.21
3477.51,2968.95
3476.24,2970.16
3474.96,3017.21
3473.68,3088.11
3472.4,3149.53
3471.13,3204.58
3469.85,3265.05
3468.57,3353.63
3467.29,3380.37
3466.01,3473.47
3464.73,3545.58
3463.45,3614.47
3462.17,3676
3460.89,3748.16
3459.61,3812
3458.33,3873
3457.04,3968.42
3455.76,3988.05
3454.48,4101.74
3453.2,4128.95
3451.91,4206.32
3450.63,4298.42
3449.35,4310.53
3448.06,4380.26
3446.78,4426.9
3445.49,4481.47
3444.21,4563.05
3442.92,4592.9
3441.64,4647.47
3440.35,4688.26
3439.07,4695.74
3437.78,4721.21
3436.49,4749.84
3435.2,4856.37
3433.92,4863.26
3432.63,4928.11
3431.34,4939.05
3430.05,4969.42
3428.76,5035.58
3427.47,5094.26
3426.18,5119.32
3424.89,5168
3423.6,5204
3422.31,5216.26
3421.02,5256.79
3419.73,5325.11
3418.44,5358.89
3417.14,5443.63
3415.85,5439.26
3414.56,5495.05
3413.27,5561.37
3411.97,5614.89
3410.68,5645.05
3409.39,5717.95
3408.09,5779.89
3406.8,5829.84
3405.5,5869.74
3404.2,5934.47
3402.91,5988.74
3401.61,6080.11
3400.32,6118.47
3399.02,6137.89
3397.72,6236.31
3396.42,6279.84
3395.13,6291.63
3393.83,6300.21
3392.53,6404.47
3391.23,6443.32
3389.93,6491.21
3388.63,6519.74
3387.33,6571.16
3386.03,6603.58
3384.73,6626.53
3383.43,6671.47
3382.13,6705.05
3380.83,6744.05
3379.53,6750.21
3378.22,6796.32
3376.92,6822.68
3375.62,6827.95
3374.32,6868.21
3373.01,6917.05
3371.71,6960.16
3370.4,6968.9
3369.1,6985.05
3367.79,6985.05
3366.49,7029.47
3365.18,7070.58
3363.88,7118.68
3362.57,7124.32
3361.26,7160.1
3359.96,7218.47
3358.65,7255.63
3357.34,7303.47
3356.03,7353.16
3354.73,7420.53
3353.42,7460.53
3352.11,7554.53
3350.8,7593.68
3349.49,7633.47
3348.18,7660.26
3346.87,7727.42
3345.56,7814.37
3344.25,7839.26
3342.93,7922.47
3341.62,7963.95
3340.31,7994.79
3339,8051.47
3337.69,8119.26
3336.37,8132.84
3335.06,8237.11
3333.74,8256.53
3332.43,8316.74
3331.12,8348.26
3329.8,8381.79
3328.49,8464.32
3327.17,8483.53
3325.86,8526.84
3324.54,8531.32
3323.22,8572.79
3321.91,8603.74
3320.59,8578.05
3319.27,8601.63
3317.95,8606.21
3316.63,8619.74
3315.32,8579.16
3314,8635.26
3312.68,8688.42
3311.36,8669.89
3310.04,8724.05
3308.72,8773.05
3307.4,8780.42
3306.08,8870.68
3304.75,8887.79
3303.43,9020.58
3302.11,9071
3300.79,9182.42
3299.47,9329.63
3298.14,9450.21
3296.82,9608.79
3295.5,9799.79
3294.17,9937.84
3292.85,10147.5
3291.52,10410.5
3290.2,10668.6
3288.87,10925.9
3287.55,11250
3286.22,11561.5
3284.89,11903.7
3283.57,12289.9
3282.24,12694.4
3280.91,13137.5
3279.58,13600.8
3278.26,14100
3276.93,14567.8
3275.6,15105.9
3274.27,15651.2
3272.94,16244.8
3271.61,16721.8
3270.28,17180.3
3268.95,17756.7
3267.62,18266.6
3266.29,18788.7
3264.96,19198.2
3263.62,19690.2
3262.29,20108.9
3260.96,20504.7
3259.63,20820.7
3258.29,21165.1
3256.96,21482.4
3255.62,21708.3
3254.29,22078.6
3252.95,22177.9
3251.62,22441.8
3250.28,22566.3
3248.95,22791.5
3247.61,22936.5
3246.28,22961.9
3244.94,23164.2
3243.6,23318.2
3242.26,23457.7
3240.93,23523.2
3239.59,23671.8
3238.25,23768.2
3236.91,23886.7
3235.57,24016.3
3234.23,24146.5
3232.89,24285.7
3231.55,24345.5
3230.21,24450.1
3228.87,24489.7
3227.53,24599.9
3226.19,24685.5
3224.85,24796.8
3223.5,24841
3222.16,24913.4
3220.82,25043.7
3219.47,25198.3
3218.13,25195.6
3216.79,25354.5
3215.44,25424
3214.1,25547.5
3212.75,25694.2
3211.41,25770.4
3210.06,25870.6
3208.71,26040.2
3207.37,26191.5
3206.02,26402.1
3204.67,26520.7
3203.33,26762.2
3201.98,26940.8
3200.63,27124
3199.28,27303
3197.93,27459.6
3196.58,27692.3
3195.23,27846.5
3193.88,27961.7
3192.53,28148.6
3191.18,28271.2
3189.83,28400.5
3188.48,28513.3
3187.13,28700.5
3185.78,28821.2
3184.42,29007.2
3183.07,29191.8
3181.72,29302.4
3180.36,29539.7
3179.01,29711.2
3177.66,29981.3
3176.3,30173.4
3174.95,30297.7
3173.59,30561.4
3172.24,30762.9
3170.88,30899.7
3169.52,31164.5
3168.17,31380.6
3166.81,31576.1
3165.45,31788.9
3164.1,32105.5
3162.74,32299.6
3161.38,32512.5
3160.02,32628.8
3158.66,32949.1
3157.3,33246.4
3155.94,33437.5
3154.58,33715.7
3153.22,33917.3
3151.86,34161.1
3150.5,34336.4
3149.14,34505.5
3147.78,34659.6
3146.41,34928.1
3145.05,34944.7
3143.69,35181.9
3142.32,35284.4
3140.96,35427.2
3139.6,35443.4
3138.23,35522.3
3136.87,35606.1
3135.5,35634.6
3134.14,35840.7
3132.77,35906.5
3131.41,36023.3
3130.04,36301.3
3128.67,36304
3127.31,36347.5
3125.94,36444.8
3124.57,36475.8
3123.2,36556.1
3121.83,36631.2
3120.47,36693.8
3119.1,36790.6
3117.73,36896.3
3116.36,36988.9
3114.99,37000.1
3113.61,37171.5
3112.24,37157.2
3110.87,37213.4
3109.5,37412.5
3108.13,37432.6
3106.76,37483.2
3105.38,37566.6
3104.01,37679.6
3102.64,37820.1
3101.26,37826.4
3099.89,38022.1
3098.51,38137.9
3097.14,38281
3095.76,38420.4
3094.39,38466.4
3093.01,38575.9
3091.64,38587.3
3090.26,38644.4
3088.88,38656.6
3087.5,38860.1
3086.13,38965.9
3084.75,39123.4
3083.37,39165.4
3081.99,39396.6
3080.61,39468.3
3079.23,39602.2
3077.85,39764.3
3076.47,39839.4
3075.09,39957.7
3073.71,40068.9
3072.33,40202.2
3070.95,40285.8
3069.57,40333
3068.18,40382.7
3066.8,40353.1
3065.42,40430.6
3064.04,40431.2
3062.65,40522.9
3061.27,40429.1
3059.88,40424.1
3058.5,40532.7
3057.11,40480.9
3055.73,40495.1
3054.34,40504.9
3052.96,40533.5
3051.57,40532.1
3050.18,40628.5
3048.8,40539.1
3047.41,40548.4
3046.02,40581.5
3044.63,40674.6
3043.24,40746.8
3041.85,40782.2
3040.46,40858.9
3039.07,40955.7
3037.68,41058.8
3036.29,41112.2
3034.9,41327.9
3033.51,41423.9
3032.12,41613.2
3030.73,41638.3
3029.34,41795.7
3027.94,42083.1
3026.55,42266.8
3025.16,42392
3023.76,42608.2
3022.37,42773.3
3020.97,42983.5
3019.58,43046.1
3018.18,43270.6
3016.79,43472.6
3015.39,43689.6
3014,43830.9
3012.6,44001.7
3011.2,44024.6
3009.81,44199
3008.41,44339.7
3007.01,44393.6
3005.61,44586.7
3004.21,44742.9
3002.81,44905.8
3001.41,45088.6
3000.01,45208.8
2998.61,45374.7
2997.21,45486.5
2995.81,45603.5
2994.41,45784.1
2993.01,45816.1
2991.61,45883.2
2990.21,46044.5
2988.8,46111.8
2987.4,46225.5
2986,46309.3
2984.59,46437.2
2983.19,46576.7
2981.78,46632.3
2980.38,46800.5
2978.97,46830.3
2977.57,46902.1
2976.16,46938.8
2974.76,47131.3
2973.35,47134.8
2971.94,47110.1
2970.54,47241.5
2969.13,47347.8
2967.72,47538.2
2966.31,47704.2
2964.9,47811.3
2963.49,47927.8
2962.08,47903.4
2960.67,47981.3
2959.26,48198.9
2957.85,48263.6
2956.44,48329.5
2955.03,48409.3
2953.62,48452.5
2952.21,48415.4
2950.8,48444.8
2949.38,48405.4
2947.97,48365
2946.56,48401.2
2945.14,48419.6
2943.73,48468.8
2942.31,48364
2940.9,48557.4
2939.48,48502.3
2938.07,48533.2
2936.65,48667.3
2935.24,48579.8
2933.82,48642.5
2932.4,48649.6
2930.98,48723.2
2929.57,48654.8
2928.15,48597.6
2926.73,48550.7
2925.31,48663
2923.89,48625.8
2922.47,48626
2921.05,48625.8
2919.63,48615.5
2918.21,48699.1
2916.79,48717.6
2915.37,48764.2
2913.95,48702.9
2912.52,48803.6
2911.1,48863.4
2909.68,48914.4
2908.26,48940.7
2906.83,49064.3
2905.41,49150.4
2903.98,49264.4
2902.56,49308.1
2901.13,49359.7
2899.71,49410.1
2898.28,49407.4
2896.86,49482.7
2895.43,49403.3
2894,49492.4
2892.58,49488.4
2891.15,49440.6
2889.72,49569.6
2888.29,49429.8
2886.86,49462.4
2885.44,49542.2
2884.01,49670.1
2882.58,49549.7
2881.15,49670.9
2879.72,49676.5
2878.28,49714.9
2876.85,49704.7
2875.42,49825.6
2873.99,49821.2
2872.56,49957.6
2871.12,49904.9
2869.69,49942.2
2868.26,50004.6
2866.82,50009.8
2865.39,50073.8
2863.96,50054.2
2862.52,50074.4
2861.09,50059.4
2859.65,50103
2858.21,50207.4
2856.78,50101.7
2855.34,50210.2
2853.9,50158.1
2852.47,50088.2
2851.03,50030.6
2849.59,50031.9
2848.15,50012.2
2846.71,49963.7
2845.27,49805.6
2843.83,49814.2
2842.39,49637.4
2840.95,49692.8
2839.51,49597.4
2838.07,49615.3
2836.63,49607.5
2835.19,49455.2
2833.75,49468.1
2832.3,49465.6
2830.86,49307
2829.42,49402.8
2827.97,49342.5
2826.53,49352.2
2825.09,49349.8
2823.64,49280.1
2822.2,49290.1
2820.75,49333.8
2819.3,49369.7
2817.86,49341.7
2816.41,49367.2
2814.96,49334.2
2813.52,49348.8
2812.07,49359.7
2810.62,49444.9
2809.17,49396.3
2807.72,49459.4
2806.27,49572.7
2804.82,49535.7
2803.38,49650.1
2801.92,49676.1
2800.47,49746.9
2799.02,49752.1
2797.57,49756
2796.12,49769.8
2794.67,49807.5
2793.22,49862.1
2791.76,49912.7
2790.31,49873.6
2788.86,50000.9
2787.4,50031.3
2785.95,49918.8
2784.49,49967.8
2783.04,49898.7
2781.58,49907.4
2780.13,49882.2
2778.67,49814.7
2777.21,49796.2
2775.76,49790.9
2774.3,49706.9
2772.84,49705.8
2771.38,49837.4
2769.92,49799.9
2768.47,49772.4
2767.01,49817.4
2765.55,49713.2
2764.09,49768.4
2762.63,49641.8
2761.17,49660.9
2759.71,49529.9
2758.24,49478.2
2756.78,49378.9
2755.32,49381.3
2753.86,49212.6
2752.39,49053
2750.93,48998.7
2749.47,48917.2
2748,48935.6
2746.54,48955.7
2745.07,48835.5
2743.61,48737.7
2742.14,48639.6
2740.68,48646.1
2739.21,48547
2737.75,48532.7
2736.28,48449.8
2734.81,48321.8
2733.34,48250.4
2731.88,48136.3
2730.41,48045.1
2728.94,47962.6
2727.47,47788.9
2726,47744.7
2724.53,47676.6
2723.06,47756.9
2721.59,47658.2
2720.12,47482.2
2718.65,47366.7
2717.17,47279.5
2715.7,47154.9
2714.23,47137.5
2712.76,46947.2
2711.28,46807.9
2709.81,46654.9
2708.34,46681.4
2706.86,46539.8
2705.39,46532.9
2703.91,46473.9
2702.44,46446.4
2700.96,46288.6
2699.48,46309.3
2698.01,46199.7
2696.53,46095.9
2695.05,45992.4
2693.58,46000.4
2692.1,46029.1
2690.62,45876.4
2689.14,45882.7
2687.66,45762.5
2686.18,45743.6
2684.7,45796
2683.22,45732.2
2681.74,45573.8
2680.26,45699.9
2678.78,45622.7
2677.3,45603.6
2675.81,45495.7
2674.33,45464.3
2672.85,45480.6
2671.36,45417.3
2669.88,45198.7
2668.4,45222.1
2666.91,45243.9
2665.43,45135.8
2663.94,45061
2662.46,44940.9
2660.97,44827.9
2659.48,44834.4
2658,44736.7
2656.51,44799.4
2655.02,44603.6
2653.53,44628.9
2652.05,44545.8
2650.56,44420.4
2649.07,44320.9
2647.58,44157
2646.09,44155.3
2644.6,44046.5
2643.11,43907.6
2641.62,43817.7
2640.13,43707.8
2638.63,43607.1
2637.14,43533.6
2635.65,43486.9
2634.16,43392.1
2632.66,43157.9
2631.17,42998.7
2629.68,42952.9
2628.18,42809
2626.69,42853
2625.19,42740.2
2623.7,42748.6
2622.2,42703.9
2620.7,42719.6
2619.21,42593.2
2617.71,42575.8
2616.21,42552.6
2614.72,42379.7
2613.22,42298.9
2611.72,42187.4
2610.22,42144.7
2608.72,42059.1
2607.22,42007.9
2605.72,41853
2604.22,41887.2
2602.72,41792.6
2601.22,41612.7
2599.72,41522.6
2598.22,41423.5
2596.71,41301
2595.21,41329.9
2593.71,41277.9
2592.2,41203.2
2590.7,41156.5
2589.2,41152.8
2587.69,41126.7
2586.19,41021.7
2584.68,40832.9
2583.18,40840.6
2581.67,40834.5
2580.16,40827.6
2578.66,40859.5
2577.15,40715.4
2575.64,40733.7
2574.13,40526.9
2572.63,40483.3
2571.12,40280.9
2569.61,40087.3
2568.1,40012.4
2566.59,39873.7
2565.08,39728.1
2563.57,39580
2562.06,39491.2
2560.55,39333.7
2559.03,39250.9
2557.52,39178.7
2556.01,39000.8
2554.5,38781.5
2552.98,38623.9
2551.47,38505.3
2549.96,38366
2548.44,38132.9
2546.93,38025.7
2545.41,37933.1
2543.9,37794.2
2542.38,37648.8
2540.86,37624
2539.35,37493.4
2537.83,37432.6
2536.31,37285.5
2534.79,37125.5
2533.28,36978.1
2531.76,36872.1
2530.24,36741.8
2528.72,36599.4
2527.2,36445.1
2525.68,36407.4
2524.16,36286.6
2522.64,36103.5
2521.12,36092.1
2519.59,36056.3
2518.07,35929
2516.55,35708.2
2515.03,35580.7
2513.5,35442.5
2511.98,35316.9
2510.46,35165.9
2508.93,35032.2
2507.41,34905.9
2505.88,34841.9
2504.36,34674.3
2502.83,34537.2
2501.3,34434.2
2499.78,34282.4
2498.25,34188.1
2496.72,34120.9
2495.2,33938.9
2493.67,33819.8
2492.14,33649
2490.61,33512.1
2489.08,33446.2
2487.55,33347.6
2486.02,33214
2484.49,33113.4
2482.96,32887.7
2481.43,32753.8
2479.9,32798.2
2478.36,32583.9
2476.83,32324.6
2475.3,32269.4
2473.77,32185.2
2472.23,32068.6
2470.7,31927.5
2469.16,31807.8
2467.63,31711.4
2466.09,31570.9
2464.56,31519.1
2463.02,31476.9
2461.49,31321.7
2459.95,31244.3
2458.41,31119.1
2456.87,31153
2455.34,31027.2
2453.8,30918.9
2452.26,30841.9
2450.72,30804.4
2449.18,30687.3
2447.64,30610.5
2446.1,30557.9
2444.56,30583.8
2443.02,30559.3
2441.48,30474
2439.94,30435.8
2438.39,30479.9
2436.85,30411.3
2435.31,30283.3
2433.77,30247.1
2432.22,30212.9
2430.68,30151.8
2429.13,30088.6
2427.59,30096.6
2426.04,30030.6
2424.5,30058.9
2422.95,29982.1
2421.41,29978.4
2419.86,29968.4
2418.31,29836.4
2416.76,29677.8
2415.22,29689.2
2413.67,29467.9
2412.12,29526.5
2410.57,29367.1
2409.02,29319.3
2407.47,29126.6
2405.92,28990.1
2404.37,28797.6
2402.82,28720.3
2401.27,28701.4
2399.71,28540.1
2398.16,28401.1
2396.61,28386.7
2395.06,28292.3
2393.5,28186.7
2391.95,28137.6
2390.4,28039.1
2388.84,27994.5
2387.29,27927.2
2385.73,27828.9
2384.17,27747.1
2382.62,27699.6
2381.06,27554.3
2379.51,27443.8
2377.95,27370.4
2376.39,27315.4
2374.83,27225.8
2373.27,27025.2
2371.72,26919.2
2370.16,26901.9
2368.6,26817.8
2367.04,26652.8
2365.48,26523.1
2363.92,26463.9
2362.35,26372.6
2360.79,26294.7
2359.23,26237.1
2357.67,26183
2356.1,26111.1
2354.54,26026.6
2352.98,26084.7
2351.41,25927.3
2349.85,25843.5
2348.29,25764.7
2346.72,25696.4
2345.15,25608.8
2343.59,25557.2
2342.02,25435.6
2340.46,25338.3
2338.89,25298.5
2337.32,25186.8
2335.75,25137.4
2334.18,25050.3
2332.62,25013.6
2331.05,24911.9
2329.48,24836.9
2327.91,24756.3
2326.34,24677.4
2324.77,24533.9
2323.2,24462.8
2321.63,24312.2
2320.05,24195
2318.48,24063.9
2316.91,23997.6
2315.34,23892.9
2313.76,23888.2
2312.19,23808.2
2310.61,23709.3
2309.04,23723.1
2307.46,23577.8
2305.89,23527.6
2304.31,23471
2302.74,23360.9
2301.16,23224.8
2299.58,23191.8
2298.01,23072.6
2296.43,23010.8
2294.85,22934.1
2293.27,22865.2
2291.69,22780.7
2290.11,22729.8
2288.53,22652.4
2286.95,22471.3
2285.37,22368.2
2283.79,22305.9
2282.21,22142.1
2280.63,22092.8
2279.05,21980.3
2277.47,22007.5
2275.88,21914.9
2274.3,21848.5
2272.72,21787.3
2271.13,21693.4
2269.55,21584.7
2267.96,21469.5
2266.38,21386
2264.79,21310.1
2263.21,21298.3
2261.62,21140.1
2260.03,21070.8
2258.44,21039.9
2256.86,20961.6
2255.27,20918.3
2253.68,20880.3
2252.09,20754.9
2250.5,20663.2
2248.91,20560.2
2247.32,20403.1
2245.73,20331.2
2244.14,20244.1
2242.55,20141.2
2240.96,20012.9
2239.37,19927.8
2237.77,19788.4
2236.18,19653.3
2234.59,19562.6
2232.99,19489.7
2231.4,19357.4
2229.81,19293.9
2228.21,19213.1
2226.62,19132.4
2225.02,19064.9
2223.42,18968.2
2221.83,18942.9
2220.23,18888.5
2218.63,18816.4
2217.04,18673.9
2215.44,18629.4
2213.84,18532.8
2212.24,18490.5
2210.64,18469.4
2209.04,18476.6
2207.44,18384.6
2205.84,18392.6
2204.24,18338.9
2202.64,18308.5
2201.04,18276.6
2199.44,18201.4
2197.83,18160.5
2196.23,18144.9
2194.63,18111.2
2193.03,18037.4
2191.42,17962.5
2189.82,18006.7
2188.21,17999.8
2186.61,17892.6
2185,17819.1
2183.4,17799.1
2181.79,17684.4
2180.18,17623.8
2178.57,17540.9
2176.97,17419.2
2175.36,17338.8
2173.75,17269.7
2172.14,17213.4
2170.53,17172.9
2168.92,17082.7
2167.31,16966.5
2165.7,16874.6
2164.09,16852.7
2162.48,16690.7
2160.87,16678.9
2159.26,16564.1
2157.65,16508.8
2156.03,16392.6
2154.42,16289.5
2152.81,16158.8
2151.19,16156.2
2149.58,16064.4
2147.96,15948.6
2146.35,15897.3
2144.73,15832.8
2143.12,15702.6
2141.5,15640.8
2139.88,15610.2
2138.26,15526.5
2136.65,15417.7
2135.03,15366.6
2133.41,15271.5
2131.79,15227.3
2130.17,15102.7
2128.55,15117.4
2126.93,15015.2
2125.31,14986.3
2123.69,14955.2
2122.07,14950.1
2120.45,14900.7
2118.83,14786.9
2117.2,14697.8
2115.58,14692.4
2113.96,14647.2
2112.33,14644.1
2110.71,14629
2109.08,14587.2
2107.46,14582
2105.83,14554.6
2104.21,14518.1
2102.58,14479.9
2100.96,14410.8
2099.33,14386.2
2097.7,14266.7
2096.07,14247.8
2094.45,14238.2
2092.82,14187.1
2091.19,14186.6
2089.56,14089.2
2087.93,14076.1
2086.3,14013.2
2084.67,13967.2
2083.04,13901.3
2081.41,13848.9
2079.77,13783.3
2078.14,13705.4
2076.51,13678.3
2074.88,13602.7
2073.24,13555.5
2071.61,13503.4
2069.97,13462.7
2068.34,13450.3
2066.7,13378.6
2065.07,13338.8
2063.43,13295.2
2061.8,13259.3
2060.16,13210.7
2058.52,13152.3
2056.89,13103.7
2055.25,13038.3
2053.61,13019.1
2051.97,12945.2
2050.33,12880.7
2048.69,12832.7
2047.05,12738.9
2045.41,12704.4
2043.77,12597.2
2042.13,12559.7
2040.49,12462.3
2038.85,12442.4
2037.2,12399.2
2035.56,12314.4
2033.92,12286.9
2032.27,12199.7
2030.63,12210.4
2028.99,12157.5
2027.34,12087.9
2025.7,12010.4
2024.05,11967.4
2022.4,11882.9
2020.76,11873.6
2019.11,11801.2
2017.46,11755.2
2015.82,11700.6
2014.17,11654.6
2012.52,11593.4
2010.87,11585.3
2009.22,11553.3
2007.57,11490.3
2005.92,11497.7
2004.27,11472.4
2002.62,11449.8
2000.97,11346.6
1999.31,11267.8
1997.66,11205.4
1996.01,11159.7
1994.36,11117.8
1992.7,11051.7
1991.05,10987.5
1989.39,10955.7
1987.74,10873.4
1986.09,10801.7
1984.43,10719.3
1982.77,10719.2
1981.12,10676
1979.46,10610.8
1977.8,10548.3
1976.15,10528.6
1974.49,10380.6
1972.83,10355.4
1971.17,10347.6
1969.51,10284.4
1967.85,10231.9
1966.19,10228.6
1964.53,10157.3
1962.87,10110.1
1961.21,10083.6
1959.55,10020.4
1957.88,9985.58
1956.22,9944.74
1954.56,9900.05
1952.9,9864.68
1951.23,9839.63
1949.57,9793.9
1947.9,9738.47
1946.24,9733.68
1944.57,9693
1942.91,9640.63
1941.24,9618.05
1939.57,9545.84
1937.91,9519.58
1936.24,9455.79
1934.57,9445.9
1932.9,9368.53
1931.23,9335.32
1929.56,9307.84
1927.89,9218.53
1926.23,9190.47
1924.55,9104.16
1922.88,9122.42
1921.21,9001.21
1919.54,8968.68
1917.87,8928.32
1916.2,8848.68
1914.52,8794.26
1912.85,8804.16
1911.18,8771.47
1909.5,8682.84
1907.83,8644.21
1906.15,8624.63
1904.48,8570.84
1902.8,8501.21
1901.13,8497.32
1899.45,8437.32
1897.77,8396.63
1896.09,8316.47
1894.42,8296.11
1892.74,8276.63
1891.06,8233.16
1889.38,8164.58
1887.7,8156.47
1886.02,8046.79
1884.34,7977.58
1882.66,7989.37
1880.98,7923.84
1879.3,7898.74
1877.61,7855.53
1875.93,7822
1874.25,7824.42
1872.56,7752.16
1870.88,7750
1869.2,7696.79
1867.51,7663.37
1865.83,7586
1864.14,7594.84
1862.46,7532.74
1860.77,7495
1859.08,7440.16
1857.4,7454
1855.71,7438.95
1854.02,7369.74
1852.33,7358.74
1850.64,7320.47
1848.95,7253.42
1847.26,7249.37
1845.57,7210.89
1843.88,7187.84
1842.19,7124.16
1840.5,7074.89
1838.81,7087.95
1837.12,7083.63
1835.43,7045.63
1833.73,6976.37
1832.04,6938.79
1830.34,6918.63
1828.65,6901.58
1826.96,6860.05
1825.26,6793.42
1823.57,6780.63
1821.87,6730.05
1820.17,6676.79
1818.48,6615.32
1816.78,6613.74
1815.08,6593.79
1813.38,6543.32
1811.69,6524.95
1809.99,6495.11
1808.29,6507
1806.59,6463.21
1804.89,6415.63
1803.19,6433
1801.49,6430.11
1799.78,6438.16
1798.08,6410.79
1796.38,6408.05
1794.68,6387.63
1792.97,6325.84
1791.27,6343.32
1789.57,6302.95
1787.86,6254.53
1786.16,6263.74
1784.45,6249.11
1782.75,6212.42
1781.04,6212.05
1779.34,6208.74
1777.63,6186.63
1775.92,6186.68
1774.21,6151.79
1772.51,6163.21
1770.8,6133.89
1769.09,6112.74
1767.38,6106.74
1765.67,6074.79
1763.96,6052.95
1762.25,6023.58
1760.54,5969.84
1758.82,5951.1
1757.11,5918.47
1755.4,5941.53
1753.69,5876.68
1751.97,5821.37
1750.26,5806.69
1748.55,5782.42
1746.83,5744.26
1745.12,5708.58
1743.4,5668.26
1741.69,5651.63
1739.97,5576.74
1738.25,5535.89
1736.54,5536.84
1734.82,5502.89
1733.1,5446.26
1731.38,5408.63
1729.66,5396.42
1727.94,5388.26
1726.22,5371.21
1724.5,5333.05
1722.78,5297.63
1721.06,5270.32
1719.34,5235.26
1717.62,5248.74
1715.9,5209.05
1714.18,5174.37
1712.45,5163.37
1710.73,5125.95
1709,5112.74
1707.28,5066.05
1705.56,5098
1703.83,5024.63
1702.11,4990.47
1700.38,4999.63
1698.65,4972.21
1696.93,4975.53
1695.2,4939.21
1693.47,4917.68
1691.74,4902.26
1690.01,4876.47
1688.28,4843.89
1686.55,4812.26
1684.83,4832.32
1683.09,4802.05
1681.36,4779.42
1679.63,4773.95
1677.9,4778.16
1676.17,4736.16
1674.44,4726.74
1672.7,4719.26
1670.97,4674.84
1669.24,4684.58
1667.5,4659.74
1665.77,4656.42
1664.03,4633.26
1662.3,4606.9
1660.56,4616.16
1658.83,4591.42
1657.09,4569.89
1655.35,4565.9
1653.61,4549.79
1651.88,4551.05
1650.14,4558.21
1648.4,4551.16
1646.66,4507.89
1644.92,4503.63
1643.18,4495.11
1641.44,4483.1
1639.7,4503.05
1637.96,4474.74
1636.22,4472.74
1634.47,4473.26
1632.73,4477.63
1630.99,4460.37
1629.24,4469.47
1627.5,4489.58
1625.75,4497.21
1624.01,4479.26
1622.26,4491.26
1620.52,4474
1618.77,4475
1617.03,4465
1615.28,4479.84
1613.53,4480.63
1611.78,4445.11
1610.04,4473.21
1608.29,4478.16
1606.54,4448.53
1604.79,4443.9
1603.04,4445.37
1601.29,4408.89
1599.54,4390.26
1597.78,4381
1596.03,4354.89
1594.28,4330.68
1592.53,4295.84
1590.77,4287.53
1589.02,4268
1587.27,4243.26
1585.51,4198.89
1583.76,4179.74
1582,4126.47
1580.25,4137.69
1578.49,4097.74
1576.73,4065.74
1574.98,4041.89
1573.22,4032.05
1571.46,3976.26
1569.7,3943
1567.94,3942.89
1566.19,3914.58
1564.43,3900.74
1562.67,3870.58
1560.91,3837.95
1559.14,3800.21
1557.38,3787.74
1555.62,3772.26
1553.86,3735.37
1552.1,3736.21
1550.33,3682.74
1548.57,3679.9
1546.81,3648.21
1545.04,3626.21
1543.28,3637.21
1541.51,3628.84
1539.75,3615.05
1537.98,3555.05
1536.21,3554.32
1534.45,3583.68
1532.68,3534.63
1530.91,3525.95
1529.14,3494.95
1527.37,3506.84
1525.6,3481.79
1523.83,3488.95
1522.06,3463.68
1520.29,3488.16
1518.52,3463.95
1516.75,3427.42
1514.98,3449.47
1513.21,3422.05
1511.43,3417.42
1509.66,3408
1507.89,3409.16
1506.11,3362.37
1504.34,3355.32
1502.57,3360.79
1500.79,3348.58
1499.01,3340.16
1497.24,3315.37
1495.46,3284.16
1493.68,3294.21
1491.91,3276.79
1490.13,3238.11
1488.35,3256.63
1486.57,3230.84
1484.79,3213.9
1483.01,3230.47
1481.23,3202.79
1479.45,3170.63
1477.67,3177.05
1475.89,3127.37
1474.11,3105.11
1472.32,3123.84
1470.54,3119.58
1468.76,3075.68
1466.98,3077.37
1465.19,3067
1463.41,3031.63
1461.62,3017.89
1459.84,3012.89
1458.05,2989.16
1456.26,2962.42
1454.48,2994.26
1452.69,2972.74
1450.9,2947.1
1449.11,2940.79
1447.33,2935.11
1445.54,2946.84
1443.75,2920.32
1441.96,2941.89
1440.17,2925.89
1438.38,2906.32
1436.58,2953.74
1434.79,2914.16
1433,2907.58
1431.21,2905.58
1429.42,2907.47
1427.62,2900.84
1425.83,2880.63
1424.03,2898.32
1422.24,2903.74
1420.44,2883.05
1418.65,2866.11
1416.85,2907.84
1415.06,2903.79
1413.26,2889.32
1411.46,2897.84
1409.66,2882.16
1407.87,2888.16
1406.07,2848.95
1404.27,2848.53
1402.47,2837.95
1400.67,2840.21
1398.87,2835.84
1397.07,2818.37
1395.27,2814.32
1393.46,2813.58
1391.66,2806.37
1389.86,2793.95
1388.06,2819.11
1386.25,2801.84
1384.45,2803.74
1382.64,2789.21
1380.84,2781.21
1379.03,2777.79
1377.23,2778.16
1375.42,2796.79
1373.62,2806.16
1371.81,2746.63
1370,2786.26
1368.19,2809.37
1366.38,2811.74
1364.58,2789.95
1362.77,2831.47
1360.96,2831.74
1359.15,2816.58
1357.33,2792.53
1355.52,2832.74
1353.71,2813.11
1351.9,2835.42
1350.09,2816.26
1348.27,2845.89
1346.46,2816.26
1344.65,2832.26
1342.83,2840.05
1341.02,2834.42
1339.2,2811.84
1337.39,2824.32
1335.57,2789.26
1333.76,2826.47
1331.94,2799.58
1330.12,2757.16
1328.3,2802.37
1326.48,2759.68
1324.67,2769.58
1322.85,2763.26
1321.03,2766.63
1319.21,2735.89
1317.39,2736.37
1315.57,2712.63
1313.74,2707.74
1311.92,2658.95
1310.1,2667.42
1308.28,2652.53
1306.45,2609.58
1304.63,2610.68
1302.81,2589.21
1300.98,2553
1299.16,2539.26
1297.33,2530.74
1295.51,2535.05
1293.68,2503.21
1291.85,2489.84
1290.02,2493.37
1288.2,2457.26
1286.37,2428.68
1284.54,2407.11
1282.71,2424.21
1280.88,2383.05
1279.05,2378.79
1277.22,2348.63
1275.39,2322.79
1273.56,2297.95
1271.73,2301.74
1269.89,2275.05
1268.06,2253.89
1266.23,2269.89
1264.4,2208.11
1262.56,2211.89
1260.73,2204.74
1258.89,2214.05
1257.06,2180.37
1255.22,2169
1253.38,2178.53
1251.55,2144.74
1249.71,2129.26
1247.87,2130.84
1246.03,2120.32
1244.2,2077.89
1242.36,2067.05
1240.52,2052.9
1238.68,2047.47
1236.84,2038.95
1235,1994.42
1233.16,2013.79
1231.31,1977.63
1229.47,1962.84
1227.63,1940.58
1225.79,1925.74
1223.94,1903.63
1222.1,1914.21
1220.25,1888.11
1218.41,1872.79
1216.56,1851.63
1214.72,1838.16
1212.87,1811.53
1211.02,1823.42
1209.18,1787.42
1207.33,1803.11
1205.48,1789.16
1203.63,1797.63
1201.78,1777.11
1199.93,1767.58
1198.08,1750.84
1196.23,1751.11
1194.38,1716.42
1192.53,1728.21
1190.68,1723.53
1188.83,1715.95
1186.98,1681.53
1185.12,1707.95
1183.27,1685.53
1181.41,1671.16
1179.56,1682.26
1177.71,1651.84
1175.85,1662.21
1173.99,1631.32
1172.14,1647.37
1170.28,1613.84
1168.42,1632.68
1166.57,1596.89
1164.71,1605.05
1162.85,1604
1160.99,1599.63
1159.13,1588.05
1157.27,1592.32
1155.41,1592.26
1153.55,1580.95
1151.69,1568.11
1149.83,1559.42
1147.97,1538.11
1146.1,1547.74
1144.24,1510.79
1142.38,1496.21
1140.51,1513.32
1138.65,1494.16
1136.78,1498.79
1134.92,1498.26
1133.05,1468.63
1131.18,1476.11
1129.32,1453.05
1127.45,1467.47
1125.58,1440.32
1123.71,1446.21
1121.85,1424.63
1119.98,1412.74
1118.11,1416.74
1116.24,1398.89
1114.37,1385.37
1112.5,1384.68
1110.62,1376.68
1108.75,1370.58
1106.88,1377.74
1105.01,1346.11
1103.13,1346.89
1101.26,1354.74
1099.39,1344
1097.51,1321.58
1095.64,1350.16
1093.76,1312.89
1091.89,1341.47
1090.01,1309.68
1088.13,1303.95
1086.25,1298.37
1084.38,1304.53
1082.5,1283.16
1080.62,1302.26
1078.74,1287.21
1076.86,1275.21
1074.98,1278.84
1073.1,1266.74
1071.22,1292.21
1069.34,1280.32
1067.45,1265.16
1065.57,1260.89
1063.69,1255.47
1061.81,1254.05
1059.92,1242.32
1058.04,1239.84
1056.15,1236.47
1054.27,1245.53
1052.38,1226.58
1050.5,1223.74
1048.61,1225.95
1046.72,1237.53
1044.83,1216.84
1042.95,1212.26
1041.06,1197.58
1039.17,1198.05
1037.28,1197.21
1035.39,1180.42
1033.5,1174.68
1031.61,1160.16
1029.72,1169.58
1027.82,1173.74
1025.93,1151.47
1024.04,1159.79
1022.15,1173.37
1020.25,1164.11
1018.36,1151.11
1016.46,1130.84
1014.57,1162.37
1012.67,1147.84
1010.78,1126.05
1008.88,1146.16
1006.99,1145.37
1005.09,1135.05
1003.19,1136.74
1001.29,1127.05
999.393,1119.32
997.494,1111.05
995.595,1110.42
993.694,1134.63
991.793,1116.84
989.893,1125
987.991,1148.26
986.089,1145.37
984.186,1116.95
982.284,1135.89
980.38,1157
978.477,1137.37
976.572,1154.16
974.667,1138.05
972.762,1154.11
970.856,1143.58
968.95,1126.16
967.043,1150.79
965.136,1157.58
963.229,1133.53
961.32,1114.68
959.412,1131.95
957.503,1124.84
955.594,1121.05
953.683,1120.47
951.773,1137.84
949.862,1120.11
947.951,1127.63
946.039,1127.74
944.127,1132.89
942.214,1132
940.301,1134.11
938.387,1125.21
936.472,1120.26
934.558,1128.58
932.643,1113.95
930.727,1096.58
928.811,1102.32
926.895,1060.16
924.978,1052.95
923.06,1048.58
921.142,1037.95
919.224,1039.53
917.305,1026.53
915.386,1017.05
913.466,1009.47
911.545,1037.63
909.625,1009.16
907.703,1007.95
905.782,1015.05
903.859,1004.26
901.937,1021.68
900.014,996.842
898.09,1011.79
896.166,1011.63
894.241,1005.74
892.316,1008.37
890.391,987.368
888.465,995.842
886.539,1020.47
884.612,983.684
882.685,977.684
880.756,991.842
878.828,1000.47
876.899,987.211
874.97,966.368
873.04,957.053
871.11,967.053
869.179,967.421
867.248,959.684
865.316,970.263
863.384,948.895
861.452,963
859.519,960.316
857.585,965.421
855.651,940.158
853.717,948
851.782,950.632
849.846,926.211
847.91,920.211
845.974,930
844.037,948.368
842.099,940.895
840.162,936.368
838.224,937.684
836.284,930.526
834.345,927.737
832.406,906.526
830.466,920.368
828.525,903.579
826.584,910.105
824.642,895.895
822.7,896
820.757,875.684
818.815,901.79
816.871,905.368
814.927,923.474
812.982,906.105
811.037,899.053
809.092,888.579
807.146,894.842
805.2,890.474
803.253,898.158
801.306,872.842
799.358,890.947
797.41,888.79
795.46,870.842
793.511,879.474
791.562,876.947
789.611,869.842
787.66,862.316
785.709,883.526
783.758,877
781.806,875.526
779.853,882.316
777.9,887.263
775.946,866.316
773.992,853.368
772.038,875.895
770.083,849
768.127,858.105
766.171,859.789
764.215,858.632
762.258,868.211
760.3,863.158
758.342,853.368
756.385,856.368
754.425,881.737
752.466,845.368
750.506,864.842
748.546,859.947
746.586,844.316
744.624,867.895
742.662,867.368
740.7,851.526
738.737,853.421
736.774,861.684
734.81,854.632
732.846,847.263
730.881,837.368
728.916,858.579
726.951,851.053
724.984,843.789
723.018,839.316
721.051,827.895
719.084,865.211
717.116,841.368
715.147,828.316
713.178,857.895
711.209,849.895
709.239,845.895
707.268,828
705.297,842.895
703.327,830.842
701.354,830.947
699.382,837.158
697.409,830.316
695.436,847.421
693.462,825.789
691.488,838.632
689.513,828.632
687.538,815.21
685.562,827.737
683.586,831.316
681.609,836.105
679.632,809.789
677.654,819.105
675.676,829.526
673.698,821.211
671.718,815.632
669.739,833.421
667.759,830.105
665.778,816.263
663.797,839.316
661.815,826.895
659.834,822.579
657.851,835.105
655.868,834.211
653.884,834.842
651.9,846
649.916,846.947
647.931,832.789
645.946,842.789
643.959,853.158
641.973,851.316
639.986,858.421
637.999,841.053
636.011,846.263
634.023,837.526
632.034,831.316
630.044,848.21
628.054,850.947
626.064,863.895
624.073,860.263
622.082,847.632
620.09,864.263
618.098,851.211
616.105,851.842
614.112,851.053
612.118,849.579
610.124,843.368
608.129,832.421
606.134,840.842
604.138,840.842
602.142,830.158
600.145,823.842
598.148,816.737
596.151,821.632
594.152,830.263
592.154,816.947
590.154,824.211
588.155,837.053
586.154,830.158
584.154,820.895
582.153,847.842
580.152,830.684
578.15,831.105
576.147,826.579
574.144,814.789
572.141,847.474
570.136,843.421
568.132,828.526
566.127,831.789
564.121,859.474
562.116,824.368
560.109,834.737
558.102,846.579
556.094,830.474
554.086,848.21
552.078,868.579
550.069,853.684
548.06,846.158
546.049,869.737
544.039,878.158
542.028,893.842
540.017,885.684
538.005,888.105
535.993,921.053
533.98,942.474
531.966,971.368
529.952,1055.37
527.938,1240.21
525.923,1576.74
523.907,2273.21
521.892,3348.42
519.876,4197.42
517.858,3803.74
515.841,2601.63
513.823,1699.11
511.805,1280.79
509.786,1064.74
507.767,975.737
505.747,941.684
503.727,905.895
501.706,887.105
499.684,889.526
497.663,867.947
495.64,872.842
493.618,854.368
491.594,857.579
489.571,848.737
487.547,843.737
485.522,855.474
483.497,833.842
481.471,839.053
479.445,823.474
477.418,823.684
475.391,842.158
473.362,830.579
471.334,823.316
469.306,851.895
467.276,817.158
465.247,826.053
463.216,820.105
461.186,837.789
459.154,843.158
457.122,838.895
455.091,818.263
453.058,848.579
451.025,844.263
448.991,837.947
446.957,841.158
444.922,843.579
442.887,828.263
440.851,835.158
438.814,844.474
436.778,857.895
434.741,850
432.703,863.737
430.665,853.211
428.627,856.526
426.587,858.842
424.547,840.684
422.507,858.632
420.466,847.684
418.425,839.158
416.384,854.105
414.341,846.737
412.298,841.421
410.256,858.737
408.211,851.895
406.167,843.316
404.122,856.421
402.078,868
400.031,850.263
397.986,850.684
395.939,861.579
393.892,845.053
391.844,843.526
389.796,855.421
387.747,852.632
385.698,861.421
383.648,839.105
381.597,847.632
379.547,849.368
377.495,847.158
375.444,857.053
373.392,851.316
371.339,851.316
369.286,846.947
367.232,838.263
365.178,834
363.123,830.421
361.068,848.316
359.012,847.737
356.956,846.474
354.898,855.263
352.841,853.211
350.783,845.263
348.726,843.263
346.666,841.263
344.607,842.368
342.548,855.947
340.487,857.158
338.426,849.105
336.365,880
334.303,846.684
332.241,864.947
330.178,854.263
328.115,880.105
326.05,872
323.986,874.895
321.922,897.316
319.856,871.105
317.79,881.105
315.724,883.263
313.657,912.263
311.59,911.421
309.522,929.158
307.454,919.263
305.385,945.579
303.315,951.579
301.245,951.684
299.175,924.158
297.104,903.211
295.032,911.421
292.96,861.789
290.888,857.263
288.815,869.895
286.741,856.053
284.668,847.579
282.593,820.421
280.518,841.526
278.443,852.579
276.367,843.842
274.29,831.737
272.213,841.842
270.135,853.263
268.058,854.632
265.979,832.579
263.9,813.158
261.82,844.474
259.74,848.368
257.66,832.842
255.578,831.368
253.497,839.263
251.415,827.895
249.331,809.79
247.248,832.158
245.165,835.737
243.081,830.211
240.997,822.842
238.911,831.789
236.826,841.368
234.739,829.947
232.653,813
230.565,837.21
228.477,807.632
226.389,808.211
224.3,811.842
222.211,821.895
220.121,793.263
218.031,762.684
215.94,787.737
213.848,790.947
211.757,785.526
209.664,778.211
207.572,781.842
205.479,801.105
203.384,790.79
201.29,776.211
199.195,767.316
197.1,766.579
195.003,768.684
192.907,776.105
190.81,778.421
188.712,797.947
186.615,784.579
184.516,804.895
182.417,803.789
180.317,782.105
178.217,805.684
176.117,833.105
174.016,830.474
171.914,813.158
169.812,801.053
167.71,836.579
165.606,836.263
163.503,821.579
161.398,841.842
159.293,866.474
157.188,844.579
155.083,845.316
152.976,845.368
150.87,865.526
148.763,856.368
146.655,849.842
144.546,859.947
142.438,869.474
140.328,844.158
138.218,854.632
136.108,890.684
133.997,891.895
131.886,909.632
129.773,890.211
127.661,940.895
125.548,924.947
123.435,954.789
121.321,951.895
119.207,991.053
117.091,962.158
114.975,991.632
112.86,1018.05
110.743,1031.63
108.626,1031.47
106.508,1020.53
104.39,1058.79
102.272,1069
100.152,1088.89
98.0327,1128.53
95.9117,1138.58
93.791,1145.89
91.6705,1184.16
89.5484,1175.63
87.4255,1119.37
85.3029,1001.74
