PEG_X,PEG_Y
399.452262,67.679489 
400.889141,69.821245 
402.326019,70.267645 
403.762898,69.618899 
405.199776,69.802484 
406.636655,69.868182 
408.073534,69.465060 
409.510412,69.029293 
410.947291,69.078439 
412.384170,69.912526 
413.821048,69.959969 
415.257927,69.644651 
416.694806,69.438310 
418.131684,67.722280 
419.568563,67.351757 
421.005441,68.535144 
422.442320,68.333868 
423.879199,68.991592 
425.316077,70.225496 
426.752956,70.494312 
428.189835,70.154819 
429.626713,69.377140 
431.063592,69.235548 
432.500471,69.724591 
433.937349,69.535957 
435.374228,69.442595 
436.811106,69.788636 
438.247985,69.739092 
439.684864,69.713632 
441.121742,70.048048 
442.558621,70.824131 
443.995500,70.791981 
445.432378,69.635571 
446.869257,69.297580 
448.306136,69.974048 
449.743014,70.206482 
451.179893,70.023458 
452.616772,69.853397 
454.053650,69.826444 
455.490529,69.628019 
456.927407,69.402076 
458.364286,69.600573 
459.801165,69.599185 
461.238043,69.674808 
462.674922,70.196871 
464.111801,70.508304 
465.548679,70.882440 
466.985558,71.154318 
468.422437,70.900841 
469.859315,70.891129 
471.296194,70.687976 
472.733072,70.236254 
474.169951,70.427884 
475.606830,70.449368 
477.043708,70.442285 
478.480587,70.537381 
479.917466,70.252838 
481.354344,70.229009 
482.791223,70.471731 
484.228102,70.628506 
485.664980,70.823322 
487.101859,70.709130 
488.538738,70.662784 
489.975616,70.658699 
491.412495,70.196221 
492.849373,70.165690 
494.286252,70.410485 
495.723131,70.333092 
497.160009,70.540062 
498.596888,70.597190 
500.033767,70.358326 
501.470645,70.390009 
502.907524,70.343319 
504.344403,70.407715 
505.781281,70.537744 
507.218160,70.289347 
508.655038,70.316477 
510.091917,70.627110 
511.528796,70.878577 
512.965674,71.099071 
514.402553,70.828696 
515.839432,70.396586 
517.276310,70.365945 
518.713189,70.417130 
520.150068,70.615980 
521.586946,70.854414 
523.023825,70.841953 
524.460704,70.809800 
525.897582,70.742853 
527.334461,70.769496 
528.771339,70.941341 
530.208218,70.970087 
531.645097,71.057212 
533.081975,71.178523 
534.518854,71.110344 
535.955733,71.149854 
537.392611,71.263286 
538.829490,71.291672 
540.266369,71.339822 
541.703247,71.388647 
543.140126,71.471573 
544.577004,71.468293 
546.013883,71.358726 
547.450762,71.352703 
548.887640,71.286146 
550.324519,71.273876 
551.761398,71.502931 
553.198276,71.555137 
554.635155,71.451423 
556.072034,71.490278 
557.508912,71.484069 
558.945791,71.431432 
560.382670,71.529542 
561.819548,71.613188 
563.256427,71.495839 
564.693305,71.397034 
566.130184,71.444327 
567.567063,71.419838 
569.003941,71.440816 
570.440820,71.602787 
571.877699,71.622389 
573.314577,71.588000 
574.751456,71.577546 
576.188335,71.510789 
577.625213,71.576339 
579.062092,71.643624 
580.498970,71.683020 
581.935849,71.880285 
583.372728,71.892593 
584.809606,71.775631 
586.246485,71.913467 
587.683364,72.065140 
589.120242,72.099664 
590.557121,72.103979 
591.994000,72.072589 
593.430878,72.135217 
594.867757,72.167402 
596.304636,72.075897 
597.741514,72.027016 
599.178393,71.988504 
600.615271,72.014691 
602.052150,72.158268 
603.489029,72.229572 
604.925907,72.327217 
606.362786,72.459620 
607.799665,72.581802 
609.236543,72.652560 
610.673422,72.722360 
612.110301,72.875173 
613.547179,72.970176 
614.984058,73.000404 
616.420936,73.098907 
617.857815,73.159834 
619.294694,73.285410 
620.731572,73.484817 
622.168451,73.525125 
623.605330,73.602442 
625.042208,73.763137 
626.479087,73.804597 
627.915966,73.895596 
629.352844,74.029821 
630.789723,74.086927 
632.226602,74.135986 
633.663480,74.146260 
635.100359,74.150780 
636.537237,74.202627 
637.974116,74.267521 
639.410995,74.346779 
640.847873,74.403585 
642.284752,74.454156 
643.721631,74.514887 
645.158509,74.549268 
646.595388,74.445749 
648.032267,74.481993 
649.469145,74.525916 
650.906024,74.561155 
652.342902,74.608350 
653.779781,74.639879 
655.216660,74.689338 
656.653538,74.690664 
658.090417,74.740107 
659.527296,74.888491 
660.964174,75.018630 
662.401053,75.181125 
663.837932,75.268570 
665.274810,75.364435 
666.711689,75.624736 
668.148568,75.453241 
669.585446,75.356619 
671.022325,75.456949 
672.459203,75.586004 
673.896082,75.647314 
675.332961,75.736180 
676.769839,75.780416 
678.206718,75.781515 
679.643597,75.832778 
681.080475,75.858403 
682.517354,75.903510 
683.954233,75.975444 
685.391111,75.994807 
686.827990,76.021181 
688.264868,76.125884 
689.701747,76.231446 
691.138626,76.344500 
692.575504,76.457231 
694.012383,76.544188 
695.449262,76.582812 
696.886140,76.635390 
698.323019,76.709581 
699.759898,76.765674 
701.196776,76.819557 
702.633655,76.876023 
704.070533,76.941157 
705.507412,77.057712 
706.944291,77.156890 
708.381169,77.179288 
709.818048,77.215072 
711.254927,77.303639 
712.691805,77.393145 
714.128684,77.453121 
715.565563,77.508862 
717.002441,77.578858 
718.439320,77.583993 
719.876199,77.556554 
721.313077,77.644028 
722.749956,77.756928 
724.186834,77.833094 
725.623713,77.935973 
727.060592,77.989410 
728.497470,77.952499 
729.934349,77.941648 
731.371228,77.997436 
732.808106,78.074730 
734.244985,78.146270 
735.681864,78.205770 
737.118742,78.266580 
738.555621,78.262694 
739.992499,78.347854 
741.429378,78.379548 
742.866257,78.354108 
744.303135,78.420255 
745.740014,78.514839 
747.176893,78.544943 
748.613771,78.555352 
750.050650,78.594149 
751.487529,78.633421 
752.924407,78.649300 
754.361286,78.696293 
755.798165,78.744401 
757.235043,78.746526 
758.671922,78.774279 
760.108800,78.802048 
761.545679,78.794498 
762.982558,78.818730 
764.419436,78.872436 
765.856315,78.941793 
767.293194,78.972015 
768.730072,78.921107 
770.166951,78.907536 
771.603830,78.960604 
773.040708,79.024241 
774.477587,79.072668 
775.914465,79.054127 
777.351344,79.050103 
778.788223,79.078531 
780.225101,79.033537 
781.661980,79.009148 
783.098859,79.039858 
784.535737,79.050474 
785.972616,79.054454 
787.409495,79.000487 
788.846373,78.946870 
790.283252,78.975112 
791.720131,78.984828 
793.157009,79.009731 
794.593888,79.055044 
796.030766,79.030864 
797.467645,78.999999 
798.904524,78.973507 
800.341402,78.984395 
801.778281,79.035879 
803.215160,78.976655 
804.652038,78.928863 
806.088917,78.995267 
807.525796,79.002917 
808.962674,78.976921 
810.399553,78.963956 
811.836431,78.949206 
813.273310,78.995038 
814.710189,79.006901 
816.147067,78.958122 
817.583946,78.946296 
819.020825,78.944571 
820.457703,78.920755 
821.894582,78.827883 
823.331461,78.720988 
824.768339,78.716475 
826.205218,78.681036 
827.642097,78.578081 
829.078975,78.532243 
830.515854,78.489201 
831.952732,78.412060 
833.389611,78.341785 
834.826490,78.328661 
836.263368,78.380070 
837.700247,78.397915 
839.137126,78.426312 
840.574004,78.484093 
842.010883,78.483303 
843.447762,78.558099 
844.884640,78.734432 
846.321519,78.876184 
847.758397,79.021092 
849.195276,79.173785 
850.632155,79.349132 
852.069033,79.593713 
853.505912,79.831251 
854.942791,80.062446 
856.379669,80.287861 
857.816548,80.473757 
859.253427,80.672241 
860.690305,80.864350 
862.127184,81.042812 
863.564063,81.215733 
865.000941,81.322359 
866.437820,81.425963 
867.874698,81.574255 
869.311577,81.721638 
870.748456,81.859903 
872.185334,81.922270 
873.622213,81.932670 
875.059092,81.969945 
876.495970,81.959012 
877.932849,81.930101 
879.369728,81.953966 
880.806606,81.941993 
882.243485,81.876081 
883.680363,81.812449 
885.117242,81.785291 
886.554121,81.774451 
887.990999,81.725359 
889.427878,81.681798 
890.864757,81.621472 
892.301635,81.491901 
893.738514,81.378286 
895.175393,81.251568 
896.612271,81.068568 
898.049150,80.895787 
899.486029,80.704633 
900.922907,80.515812 
902.359786,80.347901 
903.796664,80.139498 
905.233543,79.951349 
906.670422,79.781204 
908.107300,79.591670 
909.544179,79.428432 
910.981058,79.245138 
912.417936,79.080147 
913.854815,78.971801 
915.291694,78.822753 
916.728572,78.682669 
918.165451,78.567638 
919.602329,78.419154 
921.039208,78.284186 
922.476087,78.138180 
923.912965,77.996555 
925.349844,77.875027 
926.786723,77.695234 
928.223601,77.524435 
929.660480,77.355309 
931.097359,77.131568 
932.534237,76.949395 
933.971116,76.768659 
935.407995,76.591121 
936.844873,76.476696 
938.281752,76.316876 
939.718630,76.163646 
941.155509,76.071750 
942.592388,75.979251 
944.029266,75.958771 
945.466145,75.970980 
946.903024,75.983796 
948.339902,76.080253 
949.776781,76.222226 
951.213660,76.428312 
952.650538,76.672029 
954.087417,76.889736 
955.524295,77.172121 
956.961174,77.453960 
958.398053,77.675228 
959.834931,77.915525 
961.271810,78.109407 
962.708689,78.249670 
964.145567,78.363456 
965.582446,78.399587 
967.019325,78.425580 
968.456203,78.436762 
969.893082,78.386243 
971.329961,78.335038 
972.766839,78.268307 
974.203718,78.198152 
975.640596,78.144481 
977.077475,78.073413 
978.514354,78.024164 
979.951232,77.952777 
981.388111,77.854008 
982.824990,77.814377 
984.261868,77.773486 
985.698747,77.740961 
987.135626,77.735973 
988.572504,77.676642 
990.009383,77.632454 
991.446261,77.622386 
992.883140,77.599876 
994.320019,77.593582 
995.756897,77.568162 
997.193776,77.564913 
998.630655,77.579903 
1000.067533,77.527978 
1001.504412,77.497628 
1002.941291,77.461853 
1004.378169,77.379701 
1005.815048,77.367778 
1007.251926,77.336449 
1008.688805,77.249555 
1010.125684,77.182335 
1011.562562,77.066845 
1012.999441,76.951773 
1014.436320,76.843038 
1015.873198,76.679678 
1017.310077,76.538131 
1018.746956,76.377875 
1020.183834,76.222811 
1021.620713,76.125475 
1023.057592,75.957929 
1024.494470,75.803446 
1025.931349,75.708903 
1027.368227,75.570986 
1028.805106,75.481126 
1030.241985,75.406593 
1031.678863,75.305648 
1033.115742,75.251736 
1034.552621,75.172386 
1035.989499,75.113216 
1037.426378,75.077744 
1038.863257,74.987425 
1040.300135,74.938794 
1041.737014,74.839000 
1043.173892,74.667275 
1044.610771,74.554553 
1046.047650,74.366571 
1047.484528,74.150402 
1048.921407,73.933222 
1050.358286,73.558497 
1051.795164,73.221280 
1053.232043,72.906245 
1054.668922,72.476561 
1056.105800,72.151684 
1057.542679,71.869808 
1058.979558,71.568273 
1060.416436,71.348092 
1061.853315,71.111967 
1063.290193,70.949997 
1064.727072,70.858113 
1066.163951,70.733194 
1067.600829,70.698847 
1069.037708,70.672449 
1070.474587,70.666973 
1071.911465,70.764564 
1073.348344,70.810955 
1074.785223,70.886016 
1076.222101,70.990573 
1077.658980,71.071585 
1079.095858,71.263445 
1080.532737,71.407959 
1081.969616,71.534800 
1083.406494,71.772698 
1084.843373,71.912638 
1086.280252,72.076659 
1087.717130,72.338493 
1089.154009,72.545461 
1090.590888,72.809869 
1092.027766,73.048297 
1093.464645,73.249347 
1094.901524,73.558528 
1096.338402,73.815825 
1097.775281,74.079901 
1099.212159,74.408987 
1100.649038,74.657253 
1102.085917,74.937848 
1103.522795,75.217955 
1104.959674,75.465647 
1106.396553,75.815700 
1107.833431,76.113944 
1109.270310,76.368676 
1110.707189,76.698892 
1112.144067,76.987081 
1113.580946,77.283518 
1115.017824,77.615591 
1116.454703,77.942577 
1117.891582,78.310714 
1119.328460,78.606896 
1120.765339,78.856409 
1122.202218,79.156723 
1123.639096,79.381828 
1125.075975,79.566307 
1126.512854,79.780756 
1127.949732,79.958726 
1129.386611,80.136460 
1130.823490,80.317175 
1132.260368,80.497213 
1133.697247,80.709549 
1135.134125,80.916039 
1136.571004,81.141954 
1138.007883,81.392479 
1139.444761,81.642513 
1140.881640,81.940000 
1142.318519,82.259083 
1143.755397,82.580352 
1145.192276,82.925535 
1146.629155,83.275276 
1148.066033,83.650871 
1149.502912,84.022252 
1150.939790,84.341672 
1152.376669,84.662377 
1153.813548,84.994691 
1155.250426,85.308417 
1156.687305,85.591974 
1158.124184,85.826218 
1159.561062,86.037978 
1160.997941,86.241968 
1162.434820,86.413904 
1163.871698,86.563384 
1165.308577,86.671535 
1166.745456,86.722328 
1168.182334,86.771572 
1169.619213,86.822170 
1171.056091,86.836139 
1172.492970,86.835122 
1173.929849,86.838971 
1175.366727,86.837871 
1176.803606,86.824111 
1178.240485,86.814649 
1179.677363,86.829546 
1181.114242,86.835132 
1182.551121,86.816367 
1183.987999,86.811649 
1185.424878,86.819997 
1186.861756,86.828562 
1188.298635,86.850404 
1189.735514,86.867759 
1191.172392,86.854522 
1192.609271,86.829776 
1194.046150,86.807200 
1195.483028,86.759178 
1196.919907,86.686475 
1198.356786,86.617881 
1199.793664,86.538994 
1201.230543,86.441886 
1202.667422,86.349136 
1204.104300,86.249434 
1205.541179,86.125444 
1206.978057,85.975858 
1208.414936,85.808559 
1209.851815,85.638881 
1211.288693,85.443649 
1212.725572,85.215571 
1214.162451,84.984038 
1215.599329,84.743206 
1217.036208,84.505026 
1218.473087,84.265895 
1219.909965,83.997462 
1221.346844,83.749949 
1222.783722,83.542218 
1224.220601,83.378021 
1225.657480,83.297898 
1227.094358,83.261000 
1228.531237,83.263831 
1229.968116,83.307202 
1231.404994,83.335227 
1232.841873,83.371979 
1234.278752,83.400180 
1235.715630,83.398066 
1237.152509,83.406783 
1238.589388,83.383953 
1240.026266,83.335515 
1241.463145,83.283414 
1242.900023,83.184549 
1244.336902,83.112313 
1245.773781,83.081034 
1247.210659,83.031006 
1248.647538,83.025083 
1250.084417,83.055164 
1251.521295,83.097979 
1252.958174,83.192035 
1254.395053,83.312714 
1255.831931,83.471808 
1257.268810,83.641230 
1258.705688,83.779924 
1260.142567,83.952547 
1261.579446,84.131677 
1263.016324,84.270803 
1264.453203,84.395770 
1265.890082,84.479710 
1267.326960,84.515839 
1268.763839,84.504187 
1270.200718,84.453856 
1271.637596,84.415363 
1273.074475,84.358374 
1274.511353,84.279930 
1275.948232,84.213411 
1277.385111,84.119413 
1278.821989,84.034824 
1280.258868,83.991573 
1281.695747,83.950370 
1283.132625,83.936009 
1284.569504,83.942338 
1286.006383,83.956657 
1287.443261,83.994609 
1288.880140,84.038522 
1290.317019,84.110522 
1291.753897,84.189585 
1293.190776,84.255078 
1294.627654,84.352447 
1296.064533,84.444560 
1297.501412,84.537057 
1298.938290,84.661829 
1300.375169,84.772631 
1301.812048,84.914771 
1303.248926,85.087628 
1304.685805,85.233648 
1306.122684,85.382352 
1307.559562,85.540260 
1308.996441,85.700659 
1310.433319,85.872839 
1311.870198,86.029516 
1313.307077,86.178415 
1314.743955,86.325227 
1316.180834,86.460191 
1317.617713,86.590456 
1319.054591,86.709337 
1320.491470,86.833864 
1321.928349,86.946924 
1323.365227,87.040966 
1324.802106,87.116206 
1326.238985,87.200320 
1327.675863,87.142602 
1329.112742,87.068729 
1330.549620,87.013531 
1331.986499,86.953413 
1333.423378,86.885901 
1334.860256,86.728916 
1336.297135,86.565790 
1337.734014,86.377877 
1339.170892,86.143174 
1340.607771,85.913277 
1342.044650,85.692118 
1343.481528,85.353892 
1344.918407,85.019689 
1346.355285,84.683594 
1347.792164,84.462757 
1349.229043,84.450500 
1350.665921,84.591580 
1352.102800,84.800795 
1353.539679,85.030323 
1354.976557,85.248941 
1356.413436,85.485687 
1357.850315,85.682669 
1359.287193,85.832787 
1360.724072,85.977236 
1362.160951,86.082557 
1363.597829,86.226494 
1365.034708,86.377607 
1366.471586,86.441606 
1367.908465,86.467424 
1369.345344,86.481006 
1370.782222,86.478889 
1372.219101,86.469268 
1373.655980,86.459427 
1375.092858,86.492728 
1376.529737,86.526135 
1377.966616,86.508093 
1379.403494,86.499829 
1380.840373,86.508366 
1382.277251,86.523473 
1383.714130,86.545851 
1385.151009,86.536085 
1386.587887,86.540843 
1388.024766,86.560894 
1389.461645,86.543934 
1390.898523,86.527514 
1392.335402,86.526631 
1393.772281,86.500259 
1395.209159,86.465880 
1396.646038,86.436225 
1398.082917,86.420732 
1399.519795,86.451191 
1400.956674,86.472839 
1402.393552,86.452861 
1403.830431,86.410074 
1405.267310,86.371567 
1406.704188,86.427507 
1408.141067,86.479162 
1409.577946,86.508468 
1411.014824,86.539240 
1412.451703,86.512681 
1413.888582,86.500503 
1415.325460,86.500418 
1416.762339,86.462939 
1418.199217,86.552550 
1419.636096,86.787518 
1421.072975,86.824532 
1422.509853,86.798599 
1423.946732,86.870633 
1425.383611,87.009413 
1426.820489,87.130037 
1428.257368,87.232509 
1429.694247,87.284812 
1431.131125,87.281046 
1432.568004,87.266931 
1434.004883,87.283252 
1435.441761,87.299788 
1436.878640,87.278984 
1438.315518,87.345135 
1439.752397,87.331507 
1441.189276,87.311819 
1442.626154,87.281744 
1444.063033,87.277080 
1445.499912,87.331035 
1446.936790,87.375969 
1448.373669,87.406833 
1449.810548,87.408117 
1451.247426,87.373772 
1452.684305,87.415792 
1454.121183,87.482463 
1455.558062,87.585063 
1456.994941,87.824624 
1458.431819,87.986699 
1459.868698,88.033546 
1461.305577,88.194023 
1462.742455,88.292572 
1464.179334,88.386648 
1465.616213,88.449407 
1467.053091,88.471131 
1468.489970,88.617901 
1469.926849,88.772442 
1471.363727,88.880102 
1472.800606,88.996771 
1474.237484,89.074663 
1475.674363,89.263737 
1477.111242,89.728419 
1478.548120,90.060371 
1479.984999,90.292625 
1481.421878,90.513761 
1482.858756,90.686084 
1484.295635,90.887897 
1485.732514,91.007859 
1487.169392,91.159203 
1488.606271,91.305618 
1490.043149,91.364389 
1491.480028,91.552098 
1492.916907,91.712053 
1494.353785,91.841643 
1495.790664,92.165627 
1497.227543,92.397505 
1498.664421,92.466053 
1500.101300,92.517868 
1501.538179,92.509572 
1502.975057,92.603217 
1504.411936,92.765554 
1505.848815,92.834196 
1507.285693,92.687575 
1508.722572,92.907164 
1510.159450,93.047509 
1511.596329,93.246250 
1513.033208,93.263529 
1514.470086,93.201707 
1515.906965,93.135196 
1517.343844,93.103966 
1518.780722,93.174380 
1520.217601,93.277919 
1521.654480,93.378802 
1523.091358,93.433976 
1524.528237,93.415057 
1525.965115,93.500804 
1527.401994,93.576322 
1528.838873,93.619608 
1530.275751,93.692449 
1531.712630,93.656441 
1533.149509,93.584675 
1534.586387,93.430137 
1536.023266,93.302552 
1537.460145,93.316576 
1538.897023,93.320623 
1540.333902,93.177028 
1541.770780,93.267743 
1543.207659,93.054552 
1544.644538,92.891988 
1546.081416,92.964904 
1547.518295,92.918809 
1548.955174,92.824228 
1550.392052,92.681132 
1551.828931,92.562719 
1553.265810,92.516715 
1554.702688,92.379756 
1556.139567,92.265663 
1557.576446,92.313304 
1559.013324,92.173833 
1560.450203,92.197145 
1561.887081,92.003456 
1563.323960,91.881645 
1564.760839,91.876574 
1566.197717,91.739945 
1567.634596,91.618358 
1569.071475,91.558860 
1570.508353,91.444609 
1571.945232,91.463885 
1573.382111,91.509814 
1574.818989,91.510614 
1576.255868,91.443509 
1577.692746,91.341443 
1579.129625,91.341362 
1580.566504,91.382348 
1582.003382,91.321065 
1583.440261,91.243587 
1584.877140,91.172713 
1586.314018,91.063678 
1587.750897,90.973936 
1589.187776,90.889546 
1590.624654,90.818577 
1592.061533,90.749024 
1593.498412,90.611320 
1594.935290,90.473105 
1596.372169,90.377778 
1597.809047,90.275828 
1599.245926,90.177342 
1600.682805,89.967842 
1602.119683,89.721352 
1603.556562,89.569932 
1604.993441,89.385539 
1606.430319,89.186789 
1607.867198,89.025324 
1609.304077,88.824195 
1610.740955,88.635320 
1612.177834,88.402057 
1613.614712,88.163185 
1615.051591,88.111226 
1616.488470,88.093140 
1617.925348,87.906815 
1619.362227,87.660712 
1620.799106,87.490706 
1622.235984,87.448474 
1623.672863,87.367175 
1625.109742,87.199214 
1626.546620,87.138438 
1627.983499,87.112066 
1629.420378,87.052353 
1630.857256,86.960700 
1632.294135,86.867080 
1633.731013,86.945386 
1635.167892,87.169926 
1636.604771,87.270642 
1638.041649,87.288933 
1639.478528,87.272494 
1640.915407,87.290103 
1642.352285,87.368327 
1643.789164,87.526953 
1645.226043,87.716030 
1646.662921,87.696918 
1648.099800,87.725671 
1649.536678,87.996588 
1650.973557,88.270108 
1652.410436,88.653729 
1653.847314,88.715736 
1655.284193,88.767441 
1656.721072,88.909916 
1658.157950,89.170099 
1659.594829,89.291763 
1661.031708,89.417560 
1662.468586,89.587550 
1663.905465,89.761905 
1665.342344,89.956838 
1666.779222,90.161401 
1668.216101,90.374955 
1669.652979,90.483432 
1671.089858,90.572849 
1672.526737,90.738101 
1673.963615,90.935347 
1675.400494,91.116336 
1676.837373,91.196790 
1678.274251,91.229317 
1679.711130,91.232584 
1681.148009,91.309396 
1682.584887,91.465086 
1684.021766,91.575249 
1685.458644,91.715724 
1686.895523,91.770570 
1688.332402,91.841652 
1689.769280,91.925895 
1691.206159,91.942237 
1692.643038,91.924558 
1694.079916,91.922682 
1695.516795,91.968316 
1696.953674,91.913022 
1698.390552,91.882616 
1699.827431,91.981212 
1701.264310,91.946789 
1702.701188,91.792855 
1704.138067,91.784623 
1705.574945,91.822237 
1707.011824,91.746387 
1708.448703,91.725666 
1709.885581,91.717679 
1711.322460,91.653320 
1712.759339,91.556154 
1714.196217,91.455481 
1715.633096,91.455111 
1717.069975,91.516793 
1718.506853,91.471317 
1719.943732,91.471707 
1721.380610,91.463404 
1722.817489,91.417757 
1724.254368,91.378255 
1725.691246,91.364067 
1727.128125,91.320056 
1728.565004,91.287589 
1730.001882,91.283101 
1731.438761,91.311102 
1732.875640,91.397934 
1734.312518,91.433141 
1735.749397,91.462745 
1737.186276,91.501334 
1738.623154,91.680542 
1740.060033,91.821591 
1741.496911,91.751053 
1742.933790,91.716260 
1744.370669,91.777026 
1745.807547,91.787882 
1747.244426,91.787144 
1748.681305,91.908773 
1750.118183,92.070558 
1751.555062,92.135467 
1752.991941,92.276283 
1754.428819,92.425865 
1755.865698,92.503258 
1757.302576,92.520021 
1758.739455,92.588405 
1760.176334,92.684859 
1761.613212,92.812515 
1763.050091,92.924091 
1764.486970,92.974100 
1765.923848,93.051441 
1767.360727,93.120843 
1768.797606,93.158365 
1770.234484,93.241890 
1771.671363,93.363784 
1773.108242,93.504173 
1774.545120,93.527808 
1775.981999,93.538807 
1777.418877,93.602298 
1778.855756,93.626697 
1780.292635,93.668457 
1781.729513,93.819913 
1783.166392,93.930156 
1784.603271,93.991467 
1786.040149,94.042023 
1787.477028,94.076034 
1788.913907,94.104481 
1790.350785,94.114422 
1791.787664,94.146031 
1793.224542,94.258621 
1794.661421,94.265377 
1796.098300,94.243096 
1797.535178,94.275795 
1798.972057,94.293208 
1800.408936,94.325972 
1801.845814,94.323628 
1803.282693,94.316898 
1804.719572,94.391031 
1806.156450,94.454474 
1807.593329,94.480033 
1809.030207,94.475083 
1810.467086,94.458768 
1811.903965,94.532707 
1813.340843,94.628983 
1814.777722,94.662132 
1816.214601,94.689633 
1817.651479,94.687808 
1819.088358,94.698492 
1820.525237,94.751891 
1821.962115,94.775513 
1823.398994,94.790337 
1824.835873,94.865396 
1826.272751,94.937042 
1827.709630,94.962963 
1829.146508,94.960649 
1830.583387,95.002915 
1832.020266,95.093513 
1833.457144,95.117280 
1834.894023,95.200482 
1836.330902,95.268587 
1837.767780,95.271585 
1839.204659,95.328111 
1840.641538,95.364161 
1842.078416,95.393914 
1843.515295,95.512749 
1844.952173,95.574891 
1846.389052,95.541385 
1847.825931,95.569936 
1849.262809,95.645720 
1850.699688,95.726094 
1852.136567,95.764908 
1853.573445,95.767304 
1855.010324,95.764374 
1856.447203,95.718983 
1857.884081,95.777259 
1859.320960,95.871455 
1860.757839,95.836747 
1862.194717,95.826309 
1863.631596,95.847051 
1865.068474,95.872957 
1866.505353,95.932529 
1867.942232,95.898760 
1869.379110,95.892318 
1870.815989,95.949972 
1872.252868,95.941083 
1873.689746,95.995701 
1875.126625,95.962633 
1876.563504,95.874345 
1878.000382,95.923076 
1879.437261,95.967870 
1880.874139,96.002767 
1882.311018,96.057186 
1883.747897,96.066708 
1885.184775,96.079949 
1886.621654,96.086846 
1888.058533,96.045711 
1889.495411,96.053898 
1890.932290,96.045424 
1892.369169,96.020722 
1893.806047,96.024775 
1895.242926,95.998945 
1896.679805,96.019383 
1898.116683,96.059717 
1899.553562,96.050935 
1900.990440,96.055851 
1902.427319,95.990240 
1903.864198,95.968140 
1905.301076,96.030403 
1906.737955,95.970974 
1908.174834,95.954096 
1909.611712,95.978861 
1911.048591,95.918716 
1912.485470,95.912745 
1913.922348,95.878380 
1915.359227,95.875769 
1916.796105,95.926128 
1918.232984,95.878905 
1919.669863,95.812413 
1921.106741,95.797238 
1922.543620,95.815362 
1923.980499,95.928271 
1925.417377,95.938771 
1926.854256,95.836116 
1928.291135,95.941376 
1929.728013,96.036594 
1931.164892,95.933361 
1932.601771,95.986253 
1934.038649,95.990011 
1935.475528,95.933272 
1936.912406,95.929383 
1938.349285,95.965343 
1939.786164,95.980448 
1941.223042,95.879657 
1942.659921,95.833449 
1944.096800,95.966516 
1945.533678,96.083752 
1946.970557,96.131740 
1948.407436,96.106700 
1949.844314,95.837207 
1951.281193,95.846897 
1952.718071,95.824852 
1954.154950,95.725945 
1955.591829,95.785653 
1957.028707,95.782940 
1958.465586,95.786362 
1959.902465,95.759528 
1961.339343,95.717453 
1962.776222,95.966707 
1964.213101,96.089748 
1965.649979,95.986164 
1967.086858,95.980248 
1968.523737,95.967152 
1969.960615,95.973042 
1971.397494,95.913074 
1972.834372,95.857635 
1974.271251,95.908922 
1975.708130,95.789978 
1977.145008,95.726139 
1978.581887,95.760415 
1980.018766,95.633654 
1981.455644,95.671349 
1982.892523,95.768812 
1984.329402,95.673469 
1985.766280,95.607651 
1987.203159,95.480796 
1988.640037,95.407494 
1990.076916,95.483755 
1991.513795,95.261910 
1992.950673,95.215161 
1994.387552,95.544486 
1995.824431,95.689631 
1997.261309,95.793911 
1998.698188,95.884157 
2000.135067,95.861830 
2001.571945,95.758151 
2003.008824,95.568455 
2004.445703,95.657786 
2005.882581,95.783251 
2007.319460,95.500751 
2008.756338,95.389863 
2010.193217,95.476073 
2011.630096,95.603176 
2013.066974,95.946144 
2014.503853,96.001030 
2015.940732,95.780608 
2017.377610,95.571382 
2018.814489,95.496475 
2020.251368,95.728493 
2021.688246,95.669032 
2023.125125,95.294915 
2024.562003,95.321309 
2025.998882,95.411837 
2027.435761,95.301731 
2028.872639,95.193961 
2030.309518,95.114217 
2031.746397,95.130515 
2033.183275,94.924398 
2034.620154,94.758739 
2036.057033,95.165963 
2037.493911,95.501849 
2038.930790,95.443992 
2040.367669,95.150890 
2041.804547,94.747679 
2043.241426,94.807875 
2044.678304,95.089724 
2046.115183,95.115118 
2047.552062,95.157569 
2048.988940,95.041501 
2050.425819,94.860396 
2051.862698,95.029502 
2053.299576,95.233487 
2054.736455,95.232156 
2056.173334,95.095964 
2057.610212,94.978814 
2059.047091,95.052510 
2060.483969,95.147527 
2061.920848,95.149175 
2063.357727,95.100887 
2064.794605,94.919221 
2066.231484,94.830154 
2067.668363,94.936297 
2069.105241,94.981429 
2070.542120,94.955885 
2071.978999,94.951327 
2073.415877,94.985707 
2074.852756,94.966814 
2076.289635,94.854095 
2077.726513,94.871448 
2079.163392,94.975640 
2080.600270,94.993907 
2082.037149,94.985832 
2083.474028,94.924624 
2084.910906,94.902643 
2086.347785,94.934995 
2087.784664,94.873945 
2089.221542,94.956155 
2090.658421,95.143794 
2092.095300,95.091280 
2093.532178,95.004401 
2094.969057,94.978196 
2096.405935,94.974194 
2097.842814,95.125364 
2099.279693,95.179065 
2100.716571,95.074162 
2102.153450,95.047997 
2103.590329,95.064413 
2105.027207,95.114308 
2106.464086,95.128215 
2107.900965,95.082539 
2109.337843,95.159253 
2110.774722,95.213389 
2112.211600,95.155261 
2113.648479,95.130707 
2115.085358,95.087606 
2116.522236,95.048088 
2117.959115,95.059572 
2119.395994,95.109216 
2120.832872,95.227713 
2122.269751,95.274208 
2123.706630,95.276785 
2125.143508,95.365616 
2126.580387,95.394723 
2128.017266,95.404839 
2129.454144,95.445822 
2130.891023,95.437757 
2132.327901,95.467412 
2133.764780,95.413506 
2135.201659,95.319405 
2136.638537,95.403031 
2138.075416,95.453712 
2139.512295,95.531006 
2140.949173,95.676960 
2142.386052,95.593314 
2143.822931,95.438176 
2145.259809,95.378496 
2146.696688,95.517688 
2148.133566,95.730045 
2149.570445,95.514988 
2151.007324,95.372364 
2152.444202,95.594185 
2153.881081,95.481085 
2155.317960,95.289145 
2156.754838,95.310824 
2158.191717,95.131280 
2159.628596,94.839419 
2161.065474,94.612771 
2162.502353,94.707421 
2163.939232,94.901558 
2165.376110,94.616531 
2166.812989,94.318729 
2168.249867,94.391700 
2169.686746,94.650559 
2171.123625,94.900789 
2172.560503,94.701130 
2173.997382,94.414757 
2175.434261,94.526063 
2176.871139,94.446817 
2178.308018,94.285625 
2179.744897,94.503249 
2181.181775,94.607177 
2182.618654,94.524614 
2184.055532,94.512612 
2185.492411,94.519369 
2186.929290,94.533309 
2188.366168,94.427601 
2189.803047,94.347111 
2191.239926,94.472727 
2192.676804,94.536335 
2194.113683,94.561760 
2195.550562,94.623540 
2196.987440,94.548572 
2198.424319,94.471172 
2199.861198,94.461661 
2201.298076,94.406890 
2202.734955,94.404258 
2204.171833,94.427010 
2205.608712,94.393937 
2207.045591,94.452272 
2208.482469,94.574823 
2209.919348,94.597813 
2211.356227,94.606685 
2212.793105,94.636623 
2214.229984,94.569620 
2215.666863,94.596108 
2217.103741,94.749497 
2218.540620,94.694612 
2219.977498,94.588822 
2221.414377,94.612437 
2222.851256,94.505481 
2224.288134,94.437305 
2225.725013,94.609753 
2227.161892,94.711134 
2228.598770,94.648120 
2230.035649,94.571431 
2231.472528,94.553874 
2232.909406,94.584600 
2234.346285,94.550726 
2235.783164,94.508948 
2237.220042,94.591192 
2238.656921,94.678048 
2240.093799,94.635071 
2241.530678,94.534413 
2242.967557,94.539757 
2244.404435,94.596456 
2245.841314,94.576320 
2247.278193,94.574687 
2248.715071,94.548875 
2250.151950,94.433437 
2251.588829,94.463732 
2253.025707,94.539247 
2254.462586,94.532212 
2255.899464,94.524296 
2257.336343,94.510965 
2258.773222,94.538500 
2260.210100,94.584533 
2261.646979,94.557912 
2263.083858,94.525558 
2264.520736,94.511901 
2265.957615,94.497951 
2267.394494,94.486175 
2268.831372,94.475964 
2270.268251,94.475476 
2271.705130,94.491658 
2273.142008,94.453958 
2274.578887,94.424955 
2276.015765,94.400467 
2277.452644,94.369944 
2278.889523,94.372810 
2280.326401,94.351342 
2281.763280,94.313300 
2283.200159,94.285740 
2284.637037,94.216085 
2286.073916,94.173289 
2287.510795,94.133528 
2288.947673,94.073778 
2290.384552,94.054262 
2291.821430,94.034019 
2293.258309,94.007056 
2294.695188,93.994603 
2296.132066,93.960978 
2297.568945,93.852930 
2299.005824,93.823583 
2300.442702,93.792948 
2301.879581,93.722365 
2303.316460,93.674528 
2304.753338,93.611249 
2306.190217,93.515426 
2307.627096,93.415172 
2309.063974,93.363849 
2310.500853,93.316460 
2311.937731,93.227764 
2313.374610,93.183156 
2314.811489,93.161037 
2316.248367,93.085415 
2317.685246,92.974376 
2319.122125,92.825720 
2320.559003,92.673294 
2321.995882,92.544576 
2323.432761,92.425633 
2324.869639,92.357302 
2326.306518,92.353903 
2327.743396,92.415426 
2329.180275,92.492740 
2330.617154,92.477723 
2332.054032,92.466672 
2333.490911,92.576362 
2334.927790,92.671297 
2336.364668,92.674212 
2337.801547,92.639607 
2339.238426,92.603501 
2340.675304,92.583400 
2342.112183,92.588965 
2343.549062,92.597497 
2344.985940,92.537474 
2346.422819,92.463769 
2347.859697,92.405336 
2349.296576,92.297447 
2350.733455,92.282438 
2352.170333,92.430528 
2353.607212,92.580511 
2355.044091,92.625583 
2356.480969,92.705547 
2357.917848,92.788468 
2359.354727,92.793193 
2360.791605,92.822491 
2362.228484,92.823640 
2363.665362,92.783292 
2365.102241,92.806708 
2366.539120,92.903085 
2367.975998,92.991743 
2369.412877,92.976386 
2370.849756,93.000022 
2372.286634,93.117534 
2373.723513,93.162652 
2375.160392,93.209791 
2376.597270,93.287434 
2378.034149,93.322886 
2379.471027,93.398092 
2380.907906,93.508853 
2382.344785,93.631890 
2383.781663,93.773351 
2385.218542,93.866237 
2386.655421,93.937506 
2388.092299,93.993341 
2389.529178,94.024698 
2390.966057,94.076644 
2392.402935,94.178631 
2393.839814,94.239705 
2395.276693,94.233093 
2396.713571,94.200055 
2398.150450,94.181866 
2399.587328,94.196431 
2401.024207,94.212023 
2402.461086,94.235837 
2403.897964,94.269724 
2405.334843,94.264323 
2406.771722,94.225677 
2408.208600,94.194822 
2409.645479,94.212524 
2411.082358,94.268546 
2412.519236,94.273917 
2413.956115,94.240850 
2415.392993,94.239451 
2416.829872,94.234684 
2418.266751,94.208928 
2419.703629,94.191742 
2421.140508,94.166737 
2422.577387,94.123899 
2424.014265,94.090749 
2425.451144,94.082831 
2426.888023,94.079213 
2428.324901,94.072746 
2429.761780,94.075439 
2431.198659,94.048774 
2432.635537,93.984283 
2434.072416,93.936765 
2435.509294,93.918216 
2436.946173,93.927657 
2438.383052,93.957274 
2439.819930,93.962816 
2441.256809,93.940301 
2442.693688,93.904455 
2444.130566,93.876309 
2445.567445,93.881437 
2447.004324,93.890576 
2448.441202,93.901995 
2449.878081,93.924181 
2451.314959,93.894072 
2452.751838,93.833759 
2454.188717,93.830768 
2455.625595,93.857807 
2457.062474,93.852814 
2458.499353,93.825003 
2459.936231,93.808825 
2461.373110,93.795794 
2462.809989,93.768514 
2464.246867,93.763444 
2465.683746,93.776010 
2467.120625,93.758768 
2468.557503,93.746709 
2469.994382,93.768472 
2471.431260,93.777155 
2472.868139,93.748013 
2474.305018,93.701654 
2475.741896,93.671976 
2477.178775,93.659082 
2478.615654,93.647353 
2480.052532,93.650440 
2481.489411,93.646615 
2482.926290,93.630851 
2484.363168,93.659063 
2485.800047,93.704702 
2487.236925,93.710197 
2488.673804,93.683355 
2490.110683,93.640406 
2491.547561,93.624893 
2492.984440,93.638968 
2494.421319,93.619022 
2495.858197,93.601318 
2497.295076,93.610335 
2498.731955,93.567297 
2500.168833,93.507921 
2501.605712,93.507341 
2503.042591,93.510454 
2504.479469,93.492573 
2505.916348,93.495692 
2507.353226,93.504971 
2508.790105,93.483920 
2510.226984,93.438678 
2511.663862,93.407670 
2513.100741,93.416959 
2514.537620,93.441519 
2515.974498,93.442751 
2517.411377,93.420513 
2518.848256,93.409112 
2520.285134,93.424096 
2521.722013,93.424465 
2523.158891,93.394862 
2524.595770,93.393994 
2526.032649,93.419456 
2527.469527,93.402782 
2528.906406,93.367349 
2530.343285,93.354144 
2531.780163,93.326534 
2533.217042,93.300660 
2534.653921,93.313039 
2536.090799,93.312678 
2537.527678,93.300623 
2538.964557,93.323350 
2540.401435,93.322262 
2541.838314,93.273379 
2543.275192,93.252496 
2544.712071,93.255929 
2546.148950,93.238891 
2547.585828,93.224299 
2549.022707,93.232210 
2550.459586,93.248234 
2551.896464,93.234923 
2553.333343,93.184265 
2554.770222,93.163068 
2556.207100,93.170379 
2557.643979,93.147878 
2559.080857,93.144323 
2560.517736,93.171101 
2561.954615,93.152196 
2563.391493,93.118649 
2564.828372,93.111265 
2566.265251,93.098124 
2567.702129,93.092656 
2569.139008,93.090702 
2570.575887,93.069412 
2572.012765,93.067332 
2573.449644,93.067615 
2574.886523,93.023060 
2576.323401,92.988474 
2577.760280,93.001905 
2579.197158,93.003081 
2580.634037,92.971807 
2582.070916,92.955878 
2583.507794,92.954175 
2584.944673,92.936680 
2586.381552,92.920382 
2587.818430,92.918311 
2589.255309,92.926533 
2590.692188,92.936412 
2592.129066,92.912015 
2593.565945,92.867953 
2595.002823,92.846289 
2596.439702,92.822186 
2597.876581,92.800508 
2599.313459,92.801959 
2600.750338,92.790485 
2602.187217,92.784026 
2603.624095,92.811121 
2605.060974,92.824772 
2606.497853,92.798983 
2607.934731,92.743196 
2609.371610,92.688670 
2610.808489,92.669436 
2612.245367,92.668047 
2613.682246,92.672059 
2615.119124,92.669178 
2616.556003,92.626484 
2617.992882,92.582676 
2619.429760,92.575191 
2620.866639,92.569781 
2622.303518,92.556520 
2623.740396,92.546325 
2625.177275,92.536473 
2626.614154,92.522468 
2628.051032,92.501118 
2629.487911,92.488335 
2630.924789,92.480065 
2632.361668,92.459870 
2633.798547,92.441064 
2635.235425,92.419608 
2636.672304,92.401939 
2638.109183,92.404225 
2639.546061,92.396090 
2640.982940,92.382949 
2642.419819,92.380978 
2643.856697,92.359200 
2645.293576,92.339117 
2646.730454,92.338610 
2648.167333,92.326230 
2649.604212,92.317001 
2651.041090,92.315589 
2652.477969,92.301380 
2653.914848,92.293597 
2655.351726,92.298845 
2656.788605,92.304150 
2658.225484,92.296322 
2659.662362,92.272234 
2661.099241,92.263777 
2662.536120,92.269778 
2663.972998,92.267239 
2665.409877,92.269845 
2666.846755,92.262422 
2668.283634,92.235931 
2669.720513,92.227914 
2671.157391,92.233133 
2672.594270,92.230726 
2674.031149,92.228345 
2675.468027,92.219922 
2676.904906,92.197988 
2678.341785,92.171038 
2679.778663,92.158192 
2681.215542,92.155804 
2682.652420,92.128520 
2684.089299,92.089484 
2685.526178,92.072768 
2686.963056,92.062094 
2688.399935,92.049740 
2689.836814,92.034102 
2691.273692,92.000623 
2692.710571,91.972822 
2694.147450,91.966223 
2695.584328,91.957048 
2697.021207,91.935773 
2698.458086,91.904113 
2699.894964,91.866113 
2701.331843,91.835950 
2702.768721,91.816823 
2704.205600,91.799738 
2705.642479,91.780123 
2707.079357,91.757190 
2708.516236,91.730907 
2709.953115,91.709628 
2711.389993,91.693712 
2712.826872,91.669421 
2714.263751,91.646787 
2715.700629,91.634549 
2717.137508,91.616130 
2718.574386,91.593610 
2720.011265,91.560980 
2721.448144,91.520276 
2722.885022,91.518976 
2724.321901,91.534061 
2725.758780,91.507190 
2727.195658,91.475289 
2728.632537,91.455783 
2730.069416,91.414991 
2731.506294,91.378602 
2732.943173,91.371380 
2734.380052,91.369240 
2735.816930,91.356077 
2737.253809,91.329056 
2738.690687,91.290178 
2740.127566,91.255392 
2741.564445,91.233222 
2743.001323,91.203693 
2744.438202,91.168746 
2745.875081,91.158628 
2747.311959,91.155641 
2748.748838,91.142403 
2750.185717,91.133323 
2751.622595,91.105730 
2753.059474,91.065582 
2754.496352,91.042971 
2755.933231,91.020073 
2757.370110,91.011663 
2758.806988,91.021144 
2760.243867,91.003971 
2761.680746,90.980633 
2763.117624,90.967171 
2764.554503,90.942087 
2765.991382,90.920029 
2767.428260,90.900903 
2768.865139,90.886936 
2770.302018,90.885771 
2771.738896,90.871941 
2773.175775,90.848168 
2774.612653,90.812309 
2776.049532,90.770438 
2777.486411,90.768148 
2778.923289,90.765612 
2780.360168,90.728262 
2781.797047,90.709642 
2783.233925,90.699152 
2784.670804,90.674666 
2786.107683,90.653159 
2787.544561,90.622660 
2788.981440,90.595824 
2790.418318,90.581295 
2791.855197,90.571281 
2793.292076,90.572609 
2794.728954,90.545404 
2796.165833,90.494560 
2797.602712,90.475475 
2799.039590,90.454824 
2800.476469,90.414269 
2801.913348,90.390208 
2803.350226,90.374979 
2804.787105,90.356753 
2806.223984,90.328462 
2807.660862,90.290727 
2809.097741,90.266115 
2810.534619,90.244005 
2811.971498,90.206262 
2813.408377,90.158365 
2814.845255,90.119075 
2816.282134,90.102814 
2817.719013,90.075328 
2819.155891,90.028181 
2820.592770,90.004603 
2822.029649,89.997421 
2823.466527,89.985331 
2824.903406,89.965179 
2826.340284,89.930576 
2827.777163,89.901131 
2829.214042,89.881068 
2830.650920,89.857130 
2832.087799,89.826394 
2833.524678,89.779715 
2834.961556,89.740012 
2836.398435,89.713378 
2837.835314,89.665952 
2839.272192,89.612373 
2840.709071,89.554520 
2842.145950,89.476888 
2843.582828,89.417248 
2845.019707,89.367339 
2846.456585,89.276586 
2847.893464,89.152779 
2849.330343,89.041406 
2850.767221,88.966954 
2852.204100,88.897682 
2853.640979,88.810371 
2855.077857,88.711749 
2856.514736,88.586811 
2857.951615,88.460787 
2859.388493,88.346015 
2860.825372,88.209966 
2862.262250,88.090011 
2863.699129,87.981428 
2865.136008,87.845067 
2866.572886,87.731353 
2868.009765,87.621369 
2869.446644,87.497220 
2870.883522,87.437052 
2872.320401,87.410106 
2873.757280,87.366121 
2875.194158,87.332624 
2876.631037,87.310996 
2878.067916,87.321077 
2879.504794,87.357370 
2880.941673,87.376796 
2882.378551,87.396431 
2883.815430,87.433489 
2885.252309,87.487046 
2886.689187,87.548755 
2888.126066,87.594784 
2889.562945,87.642409 
2890.999823,87.703537 
2892.436702,87.754753 
2893.873581,87.780895 
2895.310459,87.790364 
2896.747338,87.817377 
2898.184216,87.842732 
2899.621095,87.831441 
2901.057974,87.817823 
2902.494852,87.799690 
2903.931731,87.770617 
2905.368610,87.758969 
2906.805488,87.740440 
2908.242367,87.730235 
2909.679246,87.740464 
2911.116124,87.717763 
2912.553003,87.697371 
2913.989882,87.697232 
2915.426760,87.668825 
2916.863639,87.654912 
2918.300517,87.679820 
2919.737396,87.711927 
2921.174275,87.745031 
2922.611153,87.763372 
2924.048032,87.779415 
2925.484911,87.805741 
2926.921789,87.828082 
2928.358668,87.863646 
2929.795547,87.913485 
2931.232425,87.966382 
2932.669304,88.013930 
2934.106182,88.039557 
2935.543061,88.062486 
2936.979940,88.089888 
2938.416818,88.126993 
2939.853697,88.184983 
2941.290576,88.220085 
2942.727454,88.247649 
2944.164333,88.293800 
2945.601212,88.308890 
2947.038090,88.335618 
2948.474969,88.399161 
2949.911847,88.422536 
2951.348726,88.433938 
2952.785605,88.481556 
2954.222483,88.545996 
2955.659362,88.614680 
2957.096241,88.649230 
2958.533119,88.657548 
2959.969998,88.687569 
2961.406877,88.731577 
2962.843755,88.790746 
2964.280634,88.853897 
2965.717513,88.890337 
2967.154391,88.919834 
2968.591270,88.953071 
2970.028148,88.978410 
2971.465027,89.004243 
2972.901906,89.053876 
2974.338784,89.128742 
2975.775663,89.178755 
2977.212542,89.196891 
2978.649420,89.214165 
2980.086299,89.212812 
2981.523178,89.215986 
2982.960056,89.270345 
2984.396935,89.348450 
2985.833813,89.407379 
2987.270692,89.428450 
2988.707571,89.432449 
2990.144449,89.438003 
2991.581328,89.439557 
2993.018207,89.461976 
2994.455085,89.470950 
2995.891964,89.431962 
2997.328843,89.424164 
2998.765721,89.436566 
3000.202600,89.413697 
3001.639479,89.401700 
3003.076357,89.394089 
3004.513236,89.385034 
3005.950114,89.399283 
3007.386993,89.383670 
3008.823872,89.344862 
3010.260750,89.323454 
3011.697629,89.301671 
3013.134508,89.289649 
3014.571386,89.269111 
3016.008265,89.217458 
3017.445144,89.181181 
3018.882022,89.175684 
3020.318901,89.172417 
3021.755779,89.132155 
3023.192658,89.068121 
3024.629537,89.041207 
3026.066415,89.011072 
3027.503294,88.943424 
3028.940173,88.888780 
3030.377051,88.840289 
3031.813930,88.798582 
3033.250809,88.773913 
3034.687687,88.738958 
3036.124566,88.716505 
3037.561445,88.691902 
3038.998323,88.640180 
3040.435202,88.605807 
3041.872080,88.573234 
3043.308959,88.521167 
3044.745838,88.478272 
3046.182716,88.451120 
3047.619595,88.440766 
3049.056474,88.410215 
3050.493352,88.358194 
3051.930231,88.340581 
3053.367110,88.322901 
3054.803988,88.291139 
3056.240867,88.274247 
3057.677745,88.238822 
3059.114624,88.198584 
3060.551503,88.166182 
3061.988381,88.120077 
3063.425260,88.085110 
3064.862139,88.043586 
3066.299017,87.992747 
3067.735896,87.982114 
3069.172775,87.995529 
3070.609653,87.991126 
3072.046532,87.939364 
3073.483411,87.890463 
3074.920289,87.905770 
3076.357168,87.890179 
3077.794046,87.828599 
3079.230925,87.807274 
3080.667804,87.781279 
3082.104682,87.745092 
3083.541561,87.723314 
3084.978440,87.682560 
3086.415318,87.663613 
3087.852197,87.660985 
3089.289076,87.632052 
3090.725954,87.595719 
3092.162833,87.552118 
3093.599711,87.540623 
3095.036590,87.546204 
3096.473469,87.493995 
3097.910347,87.445423 
3099.347226,87.419445 
3100.784105,87.383658 
3102.220983,87.375765 
3103.657862,87.356798 
3105.094741,87.323778 
3106.531619,87.310445 
3107.968498,87.276518 
3109.405377,87.247916 
3110.842255,87.221583 
3112.279134,87.180170 
3113.716012,87.176981 
3115.152891,87.158602 
3116.589770,87.127245 
3118.026648,87.142196 
3119.463527,87.121913 
3120.900406,87.083964 
3122.337284,87.064303 
3123.774163,87.008224 
3125.211042,86.985465 
3126.647920,86.998500 
3128.084799,86.972736 
3129.521677,86.938191 
3130.958556,86.893321 
3132.395435,86.854678 
3133.832313,86.845063 
3135.269192,86.811529 
3136.706071,86.780844 
3138.142949,86.776836 
3139.579828,86.773036 
3141.016707,86.763246 
3142.453585,86.709511 
3143.890464,86.645152 
3145.327343,86.635672 
3146.764221,86.658545 
3148.201100,86.679578 
3149.637978,86.647855 
3151.074857,86.591014 
3152.511736,86.576054 
3153.948614,86.549685 
3155.385493,86.524480 
3156.822372,86.518319 
3158.259250,86.472108 
3159.696129,86.461402 
3161.133008,86.485474 
3162.569886,86.447204 
3164.006765,86.406389 
3165.443643,86.380739 
3166.880522,86.344945 
3168.317401,86.342128 
3169.754279,86.354818 
3171.191158,86.357663 
3172.628037,86.322720 
3174.064915,86.254152 
3175.501794,86.231228 
3176.938673,86.226418 
3178.375551,86.198772 
3179.812430,86.183097 
3181.249309,86.176457 
3182.686187,86.189278 
3184.123066,86.186735 
3185.559944,86.147548 
3186.996823,86.146267 
3188.433702,86.136348 
3189.870580,86.086114 
3191.307459,86.070913 
3192.744338,86.058967 
3194.181216,86.038179 
3195.618095,86.019459 
3197.054974,85.964061 
3198.491852,85.935989 
3199.928731,85.964422 
3201.365609,85.989987 
3202.802488,85.993969 
3204.239367,85.966804 
3205.676245,85.952119 
3207.113124,85.962555 
3208.550003,85.933537 
3209.986881,85.886763 
3211.423760,85.875161 
3212.860639,85.892407 
3214.297517,85.876872 
3215.734396,85.812432 
3217.171274,85.816241 
3218.608153,85.860605 
3220.045032,85.847790 
3221.481910,85.866256 
3222.918789,85.894395 
3224.355668,85.864626 
3225.792546,85.865665 
3227.229425,85.882764 
3228.666304,85.877873 
3230.103182,85.874447 
3231.540061,85.848110 
3232.976940,85.838658 
3234.413818,85.853650 
3235.850697,85.851169 
3237.287575,85.849682 
3238.724454,85.816059 
3240.161333,85.781304 
3241.598211,85.813601 
3243.035090,85.824448 
3244.471969,85.795284 
3245.908847,85.800755 
3247.345726,85.816028 
3248.782605,85.815866 
3250.219483,85.824994 
3251.656362,85.848427 
3253.093240,85.849553 
3254.530119,85.824009 
3255.966998,85.818026 
3257.403876,85.820991 
3258.840755,85.830712 
3260.277634,85.841123 
3261.714512,85.811036 
3263.151391,85.818289 
3264.588270,85.875792 
3266.025148,85.890815 
3267.462027,85.897571 
3268.898906,85.887473 
3270.335784,85.847936 
3271.772663,85.859426 
3273.209541,85.869013 
3274.646420,85.848952 
3276.083299,85.855547 
3277.520177,85.876455 
3278.957056,85.921639 
3280.393935,85.926891 
3281.830813,85.873277 
3283.267692,85.882368 
3284.704571,85.898370 
3286.141449,85.881574 
3287.578328,85.915923 
3289.015206,85.940751 
3290.452085,85.940959 
3291.888964,85.945199 
3293.325842,85.923765 
3294.762721,85.929843 
3296.199600,85.942220 
3297.636478,85.920535 
3299.073357,85.916912 
3300.510236,85.918374 
3301.947114,85.935648 
3303.383993,85.958297 
3304.820872,85.939474 
3306.257750,85.943597 
3307.694629,85.949240 
3309.131507,85.919020 
3310.568386,85.918726 
3312.005265,85.910867 
3313.442143,85.902956 
3314.879022,85.935292 
3316.315901,85.936439 
3317.752779,85.922408 
3319.189658,85.916592 
3320.626537,85.901403 
3322.063415,85.914915 
3323.500294,85.931111 
3324.937172,85.915918 
3326.374051,85.870314 
3327.810930,85.838997 
3329.247808,85.901866 
3330.684687,85.957884 
3332.121566,85.932982 
3333.558444,85.905976 
3334.995323,85.849747 
3336.432202,85.805734 
3337.869080,85.835535 
3339.305959,85.842916 
3340.742838,85.858440 
3342.179716,85.896695 
3343.616595,85.875503 
3345.053473,85.839892 
3346.490352,85.812984 
3347.927231,85.808594 
3349.364109,85.836239 
3350.800988,85.832028 
3352.237867,85.841927 
3353.674745,85.852941 
3355.111624,85.803076 
3356.548503,85.800321 
3357.985381,85.837114 
3359.422260,85.842828 
3360.859138,85.863762 
3362.296017,85.868491 
3363.732896,85.827156 
3365.169774,85.768075 
3366.606653,85.747301 
3368.043532,85.806757 
3369.480410,85.830464 
3370.917289,85.807334 
3372.354168,85.834980 
3373.791046,85.849364 
3375.227925,85.839904 
3376.664804,85.849696 
3378.101682,85.860337 
3379.538561,85.881814 
3380.975439,85.881288 
3382.412318,85.886426 
3383.849197,85.908694 
3385.286075,85.868541 
3386.722954,85.878194 
3388.159833,85.948332 
3389.596711,85.931412 
3391.033590,85.921681 
3392.470469,85.961369 
3393.907347,85.985042 
3395.344226,86.020828 
3396.781104,86.033243 
3398.217983,86.030245 
3399.654862,86.021215 
3401.091740,85.994486 
3402.528619,86.045304 
3403.965498,86.108333 
3405.402376,86.133797 
3406.839255,86.202282 
3408.276134,86.218605 
3409.713012,86.220502 
3411.149891,86.298767 
3412.586770,86.321025 
3414.023648,86.314899 
3415.460527,86.347952 
3416.897405,86.375937 
3418.334284,86.405921 
3419.771163,86.390403 
3421.208041,86.374338 
3422.644920,86.415938 
3424.081799,86.448414 
3425.518677,86.525440 
3426.955556,86.586798 
3428.392435,86.581229 
3429.829313,86.660089 
3431.266192,86.736124 
3432.703070,86.754411 
3434.139949,86.829212 
3435.576828,86.868171 
3437.013706,86.868851 
3438.450585,86.895602 
3439.887464,86.927548 
3441.324342,87.003951 
3442.761221,87.033591 
3444.198100,87.028361 
3445.634978,87.109845 
3447.071857,87.134308 
3448.508736,87.119964 
3449.945614,87.192724 
3451.382493,87.240794 
3452.819371,87.285393 
3454.256250,87.346092 
3455.693129,87.389430 
3457.130007,87.461616 
3458.566886,87.500544 
3460.003765,87.529858 
3461.440643,87.601858 
3462.877522,87.624146 
3464.314401,87.637622 
3465.751279,87.673824 
3467.188158,87.712620 
3468.625036,87.789216 
3470.061915,87.829695 
3471.498794,87.876532 
3472.935672,87.976480 
3474.372551,88.007679 
3475.809430,88.036294 
3477.246308,88.114902 
3478.683187,88.164216 
3480.120066,88.202665 
3481.556944,88.189390 
3482.993823,88.177850 
3484.430701,88.265537 
3485.867580,88.331564 
3487.304459,88.374185 
3488.741337,88.408344 
3490.178216,88.397802 
3491.615095,88.471216 
3493.051973,88.605660 
3494.488852,88.688497 
3495.925731,88.731093 
3497.362609,88.726040 
3498.799488,88.758183 
3500.236367,88.848645 
3501.673245,88.870980 
3503.110124,88.848795 
3504.547002,88.866029 
3505.983881,88.949553 
3507.420760,89.051668 
3508.857638,89.055783 
3510.294517,89.033571 
3511.731396,89.097139 
3513.168274,89.177239 
3514.605153,89.304414 
3516.042032,89.452235 
3517.478910,89.515636 
3518.915789,89.521958 
3520.352667,89.514789 
3521.789546,89.511114 
3523.226425,89.511744 
3524.663303,89.524619 
3526.100182,89.560087 
3527.537061,89.568854 
3528.973939,89.607425 
3530.410818,89.695666 
3531.847697,89.780655 
3533.284575,89.959854 
3534.721454,90.104886 
3536.158333,90.085952 
3537.595211,90.145228 
3539.032090,90.260446 
3540.468968,90.255809 
3541.905847,90.260775 
3543.342726,90.272980 
3544.779604,90.266269 
3546.216483,90.297197 
3547.653362,90.319173 
3549.090240,90.427264 
3550.527119,90.586318 
3551.963998,90.598107 
3553.400876,90.500098 
3554.837755,90.544194 
3556.274633,90.708103 
3557.711512,90.848975 
3559.148391,90.893726 
3560.585269,90.847532 
3562.022148,90.814872 
3563.459027,90.837947 
3564.895905,90.866736 
3566.332784,90.880092 
3567.769663,90.899469 
3569.206541,90.978051 
3570.643420,91.040095 
3572.080299,91.081142 
3573.517177,91.095697 
3574.954056,91.127563 
3576.390934,91.269500 
3577.827813,91.403448 
3579.264692,91.447466 
3580.701570,91.496308 
3582.138449,91.564704 
3583.575328,91.592970 
3585.012206,91.594207 
3586.449085,91.624984 
3587.885964,91.687936 
3589.322842,91.733159 
3590.759721,91.729096 
3592.196599,91.708092 
3593.633478,91.649630 
3595.070357,91.621712 
3596.507235,91.706400 
3597.944114,91.845055 
3599.380993,92.009447 
3600.817871,92.180629 
3602.254750,92.318985 
3603.691629,92.341581 
3605.128507,92.270461 
3606.565386,92.286971 
3608.002265,92.401805 
3609.439143,92.454248 
3610.876022,92.549255 
3612.312900,92.655872 
3613.749779,92.571264 
3615.186658,92.498158 
3616.623536,92.656185 
3618.060415,92.890589 
3619.497294,93.051560 
3620.934172,93.130307 
3622.371051,93.160873 
3623.807930,93.149586 
3625.244808,93.145891 
3626.681687,93.215117 
3628.118565,93.326196 
3629.555444,93.232400 
3630.992323,93.264258 
3632.429201,93.462661 
3633.866080,93.717202 
3635.302959,93.750238 
3636.739837,93.768545 
3638.176716,94.096368 
3639.613595,94.465238 
3641.050473,94.621681 
3642.487352,94.745092 
3643.924231,94.841684 
3645.361109,94.867806 
3646.797988,94.854198 
3648.234866,94.864231 
3649.671745,94.994296 
3651.108624,94.978979 
3652.545502,95.061855 
3653.982381,95.167485 
3655.419260,95.276111 
3656.856138,95.397275 
3658.293017,95.503401 
3659.729896,95.626505 
3661.166774,95.897730 
3662.603653,96.118931 
3664.040531,96.088940 
3665.477410,95.994905 
3666.914289,96.082498 
3668.351167,96.312530 
3669.788046,96.530434 
3671.224925,96.515036 
3672.661803,96.340142 
3674.098682,96.360598 
3675.535561,96.371301 
3676.972439,95.919077 
3678.409318,95.895682 
3679.846197,96.127995 
3681.283075,96.248277 
3682.719954,96.303952 
3684.156832,96.456879 
3685.593711,96.393277 
3687.030590,96.216730 
3688.467468,96.207880 
3689.904347,96.380415 
3691.341226,96.472564 
3692.778104,96.407102 
3694.214983,96.358065 
3695.651862,96.352064 
3697.088740,96.218189 
3698.525619,96.140284 
3699.962497,96.330709 
3701.399376,96.522541 
3702.836255,96.570378 
3704.273133,96.631102 
3705.710012,96.593456 
3707.146891,96.489504 
3708.583769,96.502888 
3710.020648,96.584521 
3711.457527,96.643318 
3712.894405,96.737131 
3714.331284,96.776596 
3715.768163,96.819374 
3717.205041,96.865912 
3718.641920,96.718206 
3720.078798,96.489785 
3721.515677,96.455118 
3722.952556,96.524928 
3724.389434,96.640282 
3725.826313,96.829698 
3727.263192,96.901517 
3728.700070,96.642654 
3730.136949,96.446829 
3731.573828,96.575235 
3733.010706,96.814367 
3734.447585,96.870715 
3735.884463,96.897323 
3737.321342,96.597859 
3738.758221,96.298449 
3740.195099,96.306079 
3741.631978,96.366522 
3743.068857,96.487230 
3744.505735,96.620743 
3745.942614,96.113602 
3747.379493,96.090917 
3748.816371,96.489387 
3750.253250,96.537999 
3751.690129,96.108578 
3753.127007,95.979588 
3754.563886,95.963139 
3756.000764,96.054005 
3757.437643,96.219942 
3758.874522,96.216004 
3760.311400,96.111522 
3761.748279,95.995542 
3763.185158,96.023421 
3764.622036,96.191501 
3766.058915,96.184749 
3767.495794,96.138726 
3768.932672,96.319155 
3770.369551,96.469806 
3771.806429,96.490017 
3773.243308,96.503669 
3774.680187,96.480401 
3776.117065,96.434061 
3777.553944,96.420199 
3778.990823,96.431032 
3780.427701,96.315969 
3781.864580,96.159694 
3783.301459,96.295356 
3784.738337,96.611138 
3786.175216,96.613168 
3787.612094,96.530657 
3789.048973,96.720695 
3790.485852,96.935993 
3791.922730,96.965338 
3793.359609,96.889422 
3794.796488,96.842870 
3796.233366,96.701165 
3797.670245,96.433509 
3799.107124,96.537202 
3800.544002,96.825306 
3801.980881,96.806160 
3803.417760,96.577311 
3804.854638,96.601475 
3806.291517,96.885672 
3807.728395,97.132163 
3809.165274,96.834131 
3810.602153,96.628538 
3812.039031,96.601758 
3813.475910,96.537880 
3814.912789,96.565874 
3816.349667,96.562741 
3817.786546,96.361526 
3819.223425,96.436038 
3820.660303,96.953707 
3822.097182,97.304925 
3823.534060,96.765999 
3824.970939,96.505224 
3826.407818,96.573296 
3827.844696,96.476258 
3829.281575,96.322343 
3830.718454,96.411353 
3832.155332,96.406306 
3833.592211,96.245100 
3835.029090,96.433310 
3836.465968,96.819546 
3837.902847,96.789069 
3839.339726,96.421994 
3840.776604,96.421623 
3842.213483,96.601666 
3843.650361,96.612507 
3845.087240,96.494147 
3846.524119,96.385055 
3847.960997,96.290687 
3849.397876,96.214233 
3850.834755,96.181854 
3852.271633,96.353712 
3853.708512,96.668447 
3855.145391,96.615640 
3856.582269,96.470396 
3858.019148,96.413286 
3859.456026,96.331703 
3860.892905,96.339568 
3862.329784,96.374256 
3863.766662,96.280915 
3865.203541,96.131534 
3866.640420,96.135222 
3868.077298,96.281312 
3869.514177,96.381546 
3870.951056,96.172067 
3872.387934,96.190535 
3873.824813,96.432403 
3875.261692,96.493022 
3876.698570,96.342651 
3878.135449,96.331852 
3879.572327,96.357337 
3881.009206,96.206090 
3882.446085,96.052412 
3883.882963,96.122833 
3885.319842,96.332602 
3886.756721,96.347648 
3888.193599,96.221895 
3889.630478,96.321545 
3891.067357,96.457810 
3892.504235,96.340870 
3893.941114,96.296128 
3895.377992,96.366176 
3896.814871,96.361814 
3898.251750,96.291562 
3899.688628,96.229444 
3901.125507,96.188949 
3902.562386,96.129384 
3903.999264,96.126375 
3905.436143,96.217664 
3906.873022,96.313962 
3908.309900,96.333074 
3909.746779,96.292342 
3911.183658,96.245405 
3912.620536,96.271318 
3914.057415,96.324902 
3915.494293,96.347344 
3916.931172,96.319343 
3918.368051,96.279053 
3919.804929,96.319008 
3921.241808,96.324100 
3922.678687,96.297574 
3924.115565,96.333372 
3925.552444,96.363636 
3926.989323,96.305165 
3928.426201,96.254939 
3929.863080,96.221266 
3931.299958,96.211958 
3932.736837,96.217071 
3934.173716,96.208581 
3935.610594,96.218134 
3937.047473,96.247639 
3938.484352,96.326500 
3939.921230,96.424348 
3941.358109,96.442882 
3942.794988,96.371944 
3944.231866,96.335332 
3945.668745,96.319032 
3947.105624,96.295980 
3948.542502,96.261221 
3949.979381,96.168088 
3951.416259,96.130864 
3952.853138,96.194650 
3954.290017,96.251263 
3955.726895,96.312181 
3957.163774,96.348916 
3958.600653,96.368855 
3960.037531,96.312441 
3961.474410,96.249392 
3962.911289,96.226295 
3964.348167,96.290161 
3965.785046,96.354381 
3967.221924,96.354899 
3968.658803,96.324112 
3970.095682,96.287609 
3971.532560,96.301227 
3972.969439,96.355953 
3974.406318,96.338461 
3975.843196,96.272330 
3977.280075,96.265379 
3978.716954,96.294706 
3980.153832,96.298408 
3981.590711,96.295863 
3983.027590,96.341459 
3984.464468,96.393092 
3985.901347,96.381666 
3987.338225,96.370537 
3988.775104,96.389289 
3990.211983,96.365858 
3991.648861,96.326040 
3993.085740,96.317354 
3994.522619,96.308762 
3995.959497,96.306507 
3997.396376,96.318339 
3998.833255,96.334398 
4000.270133,96.366101 