RGO_X,RGO_Y
399.452262,47.607362 
400.889141,46.791444 
402.326019,47.165291 
403.762898,46.768920 
405.199776,48.291045 
406.636655,49.289593 
408.073534,48.537620 
409.510412,48.911126 
410.947291,48.695428 
412.384170,48.324815 
413.821048,48.706878 
415.257927,48.556415 
416.694806,48.711681 
418.131684,48.537421 
419.568563,47.897030 
421.005441,48.382418 
422.442320,47.879318 
423.879199,48.093093 
425.316077,49.159786 
426.752956,49.000225 
428.189835,49.012200 
429.626713,48.644884 
431.063592,47.967865 
432.500471,48.513811 
433.937349,48.882546 
435.374228,49.166791 
436.811106,49.424538 
438.247985,48.883065 
439.684864,49.429527 
441.121742,49.657737 
442.558621,48.340762 
443.995500,48.428737 
445.432378,48.894982 
446.869257,48.508841 
448.306136,48.308353 
449.743014,48.126780 
451.179893,48.353708 
452.616772,48.740638 
454.053650,48.674168 
455.490529,48.739198 
456.927407,48.518452 
458.364286,48.599909 
459.801165,49.061395 
461.238043,48.834722 
462.674922,48.858392 
464.111801,49.047535 
465.548679,48.785626 
466.985558,48.705437 
468.422437,48.741915 
469.859315,48.970714 
471.296194,49.020250 
472.733072,48.585468 
474.169951,48.870323 
475.606830,48.940981 
477.043708,48.688009 
478.480587,49.038144 
479.917466,48.955328 
481.354344,48.875007 
482.791223,49.273418 
484.228102,49.091567 
485.664980,49.125886 
487.101859,49.192066 
488.538738,48.853268 
489.975616,49.089382 
491.412495,49.198017 
492.849373,49.143499 
494.286252,49.443770 
495.723131,49.260216 
497.160009,49.335800 
498.596888,49.570182 
500.033767,49.124876 
501.470645,49.231760 
502.907524,49.569941 
504.344403,49.311956 
505.781281,49.426178 
507.218160,49.529730 
508.655038,49.442284 
510.091917,49.575087 
511.528796,49.465740 
512.965674,49.298499 
514.402553,49.244488 
515.839432,49.252424 
517.276310,49.474675 
518.713189,49.535660 
520.150068,49.595839 
521.586946,49.722696 
523.023825,49.614160 
524.460704,49.552442 
525.897582,49.509486 
527.334461,49.698297 
528.771339,50.109500 
530.208218,50.034757 
531.645097,50.021805 
533.081975,50.319408 
534.518854,50.177213 
535.955733,50.053629 
537.392611,50.056328 
538.829490,49.896833 
540.266369,50.007934 
541.703247,50.118853 
543.140126,50.147496 
544.577004,50.262816 
546.013883,50.129702 
547.450762,50.074402 
548.887640,50.117560 
550.324519,50.038027 
551.761398,50.186549 
553.198276,50.265642 
554.635155,50.260352 
556.072034,50.437780 
557.508912,50.390967 
558.945791,50.308638 
560.382670,50.357376 
561.819548,50.314481 
563.256427,50.425660 
564.693305,50.503336 
566.130184,50.425242 
567.567063,50.456143 
569.003941,50.409795 
570.440820,50.436946 
571.877699,50.617952 
573.314577,50.553239 
574.751456,50.432161 
576.188335,50.522858 
577.625213,50.669179 
579.062092,50.690483 
580.498970,50.606855 
581.935849,50.641684 
583.372728,50.662944 
584.809606,50.603364 
586.246485,50.697442 
587.683364,50.715613 
589.120242,50.669457 
590.557121,50.746495 
591.994000,50.737723 
593.430878,50.809837 
594.867757,50.970972 
596.304636,51.011542 
597.741514,51.120623 
599.178393,51.135559 
600.615271,51.044602 
602.052150,51.154097 
603.489029,51.234104 
604.925907,51.310346 
606.362786,51.399733 
607.799665,51.374640 
609.236543,51.472903 
610.673422,51.554475 
612.110301,51.495549 
613.547179,51.551742 
614.984058,51.536275 
616.420936,51.492381 
617.857815,51.628890 
619.294694,51.679789 
620.731572,51.710015 
622.168451,51.806166 
623.605330,51.829587 
625.042208,51.865559 
626.479087,51.884573 
627.915966,51.905758 
629.352844,51.960899 
630.789723,51.945983 
632.226602,51.995888 
633.663480,52.043485 
635.100359,52.030366 
636.537237,52.101945 
637.974116,52.158922 
639.410995,52.176324 
640.847873,52.242383 
642.284752,52.250813 
643.721631,52.252352 
645.158509,52.280892 
646.595388,52.259630 
648.032267,52.328361 
649.469145,52.361805 
650.906024,52.355287 
652.342902,52.431956 
653.779781,52.446144 
655.216660,52.446982 
656.653538,52.481700 
658.090417,52.494038 
659.527296,52.566242 
660.964174,52.570244 
662.401053,52.571305 
663.837932,52.675758 
665.274810,52.611726 
666.711689,52.593742 
668.148568,52.688312 
669.585446,52.856692 
671.022325,52.812812 
672.459203,52.849482 
673.896082,52.864006 
675.332961,52.875828 
676.769839,52.916646 
678.206718,52.966609 
679.643597,53.021037 
681.080475,53.030102 
682.517354,53.064342 
683.954233,53.117334 
685.391111,53.113226 
686.827990,53.137634 
688.264868,53.205466 
689.701747,53.266172 
691.138626,53.355555 
692.575504,53.393236 
694.012383,53.430235 
695.449262,53.486396 
696.886140,53.509069 
698.323019,53.594577 
699.759898,53.675458 
701.196776,53.680255 
702.633655,53.707890 
704.070533,53.723275 
705.507412,53.734474 
706.944291,53.776577 
708.381169,53.786839 
709.818048,53.819410 
711.254927,53.873371 
712.691805,53.908007 
714.128684,53.944155 
715.565563,53.965842 
717.002441,54.016968 
718.439320,54.059301 
719.876199,54.062282 
721.313077,54.105655 
722.749956,54.167569 
724.186834,54.191753 
725.623713,54.224472 
727.060592,54.248709 
728.497470,54.279740 
729.934349,54.313108 
731.371228,54.319703 
732.808106,54.356697 
734.244985,54.394236 
735.681864,54.388669 
737.118742,54.414855 
738.555621,54.433169 
739.992499,54.466161 
741.429378,54.487649 
742.866257,54.464680 
744.303135,54.488512 
745.740014,54.488596 
747.176893,54.446043 
748.613771,54.444940 
750.050650,54.428167 
751.487529,54.431476 
752.924407,54.437785 
754.361286,54.385659 
755.798165,54.400563 
757.235043,54.423805 
758.671922,54.380228 
760.108800,54.365298 
761.545679,54.332342 
762.982558,54.304026 
764.419436,54.314204 
765.856315,54.308041 
767.293194,54.361523 
768.730072,54.413948 
770.166951,54.414536 
771.603830,54.485702 
773.040708,54.557934 
774.477587,54.601302 
775.914465,54.668465 
777.351344,54.712789 
778.788223,54.793761 
780.225101,54.902180 
781.661980,55.008413 
783.098859,55.173984 
784.535737,55.292497 
785.972616,55.375872 
787.409495,55.521854 
788.846373,55.624006 
790.283252,55.698117 
791.720131,55.769736 
793.157009,55.784758 
794.593888,55.824090 
796.030766,55.865843 
797.467645,55.884161 
798.904524,55.915187 
800.341402,55.902818 
801.778281,55.922620 
803.215160,55.983552 
804.652038,55.988539 
806.088917,56.016979 
807.525796,56.032158 
808.962674,55.996275 
810.399553,56.031240 
811.836431,56.076628 
813.273310,56.083372 
814.710189,56.107401 
816.147067,56.135141 
817.583946,56.185626 
819.020825,56.234457 
820.457703,56.276153 
821.894582,56.354423 
823.331461,56.402512 
824.768339,56.439942 
826.205218,56.501319 
827.642097,56.517072 
829.078975,56.550621 
830.515854,56.626528 
831.952732,56.674969 
833.389611,56.717105 
834.826490,56.740051 
836.263368,56.746760 
837.700247,56.757723 
839.137126,56.733424 
840.574004,56.721765 
842.010883,56.730561 
843.447762,56.703154 
844.884640,56.674752 
846.321519,56.642508 
847.758397,56.595248 
849.195276,56.576368 
850.632155,56.584664 
852.069033,56.587783 
853.505912,56.536632 
854.942791,56.455080 
856.379669,56.409826 
857.816548,56.375950 
859.253427,56.349081 
860.690305,56.310097 
862.127184,56.230528 
863.564063,56.192842 
865.000941,56.175030 
866.437820,56.118183 
867.874698,56.086709 
869.311577,56.054199 
870.748456,55.998106 
872.185334,55.967545 
873.622213,55.939014 
875.059092,55.926197 
876.495970,55.939459 
877.932849,55.941662 
879.369728,55.940403 
880.806606,55.900441 
882.243485,55.822288 
883.680363,55.814923 
885.117242,55.906475 
886.554121,56.010371 
887.990999,56.050662 
889.427878,56.042799 
890.864757,56.022813 
892.301635,55.973491 
893.738514,55.913651 
895.175393,55.864689 
896.612271,55.801662 
898.049150,55.727238 
899.486029,55.649515 
900.922907,55.587135 
902.359786,55.531763 
903.796664,55.445925 
905.233543,55.381068 
906.670422,55.339005 
908.107300,55.263983 
909.544179,55.200554 
910.981058,55.141871 
912.417936,55.063081 
913.854815,55.008116 
915.291694,54.951503 
916.728572,54.888867 
918.165451,54.847552 
919.602329,54.797031 
921.039208,54.727852 
922.476087,54.641223 
923.912965,54.569498 
925.349844,54.521736 
926.786723,54.433867 
928.223601,54.351329 
929.660480,54.309153 
931.097359,54.246281 
932.534237,54.185646 
933.971116,54.121757 
935.407995,54.056056 
936.844873,54.050048 
938.281752,54.031452 
939.718630,53.973561 
941.155509,53.943135 
942.592388,53.904899 
944.029266,53.858852 
945.466145,53.833753 
946.903024,53.793357 
948.339902,53.736908 
949.776781,53.690742 
951.213660,53.665440 
952.650538,53.637438 
954.087417,53.600500 
955.524295,53.573595 
956.961174,53.505964 
958.398053,53.409865 
959.834931,53.344185 
961.271810,53.259954 
962.708689,53.152972 
964.145567,53.041162 
965.582446,52.925073 
967.019325,52.857076 
968.456203,52.790454 
969.893082,52.715860 
971.329961,52.694689 
972.766839,52.651780 
974.203718,52.589438 
975.640596,52.551140 
977.077475,52.504777 
978.514354,52.484909 
979.951232,52.431438 
981.388111,52.333289 
982.824990,52.310777 
984.261868,52.292694 
985.698747,52.257613 
987.135626,52.253947 
988.572504,52.188452 
990.009383,52.107095 
991.446261,52.049949 
992.883140,51.967218 
994.320019,51.922621 
995.756897,51.869162 
997.193776,51.776197 
998.630655,51.726964 
1000.067533,51.680305 
1001.504412,51.651275 
1002.941291,51.651726 
1004.378169,51.604366 
1005.815048,51.557741 
1007.251926,51.524716 
1008.688805,51.474955 
1010.125684,51.425755 
1011.562562,51.358800 
1012.999441,51.318957 
1014.436320,51.281476 
1015.873198,51.197158 
1017.310077,51.168202 
1018.746956,51.161162 
1020.183834,51.128550 
1021.620713,51.127806 
1023.057592,51.098365 
1024.494470,51.082310 
1025.931349,51.133585 
1027.368227,51.155152 
1028.805106,51.172030 
1030.241985,51.208706 
1031.678863,51.253368 
1033.115742,51.337350 
1034.552621,51.399847 
1035.989499,51.460771 
1037.426378,51.573490 
1038.863257,51.694544 
1040.300135,51.818433 
1041.737014,51.901490 
1043.173892,51.973859 
1044.610771,52.108774 
1046.047650,52.208221 
1047.484528,52.295092 
1048.921407,52.432599 
1050.358286,52.537223 
1051.795164,52.641881 
1053.232043,52.749472 
1054.668922,52.832846 
1056.105800,52.963640 
1057.542679,53.067271 
1058.979558,53.120092 
1060.416436,53.219565 
1061.853315,53.328248 
1063.290193,53.439238 
1064.727072,53.561061 
1066.163951,53.658914 
1067.600829,53.767178 
1069.037708,53.863719 
1070.474587,53.936204 
1071.911465,54.026307 
1073.348344,54.103313 
1074.785223,54.173261 
1076.222101,54.262051 
1077.658980,54.356176 
1079.095858,54.447046 
1080.532737,54.508426 
1081.969616,54.567120 
1083.406494,54.645720 
1084.843373,54.716121 
1086.280252,54.793747 
1087.717130,54.867347 
1089.154009,54.942802 
1090.590888,55.038524 
1092.027766,55.101699 
1093.464645,55.161291 
1094.901524,55.233656 
1096.338402,55.274261 
1097.775281,55.331323 
1099.212159,55.389598 
1100.649038,55.432765 
1102.085917,55.511494 
1103.522795,55.562316 
1104.959674,55.590461 
1106.396553,55.649936 
1107.833431,55.688108 
1109.270310,55.724729 
1110.707189,55.767801 
1112.144067,55.794090 
1113.580946,55.852761 
1115.017824,55.924923 
1116.454703,56.005057 
1117.891582,56.107139 
1119.328460,56.189472 
1120.765339,56.281236 
1122.202218,56.380776 
1123.639096,56.474925 
1125.075975,56.600887 
1126.512854,56.702957 
1127.949732,56.792172 
1129.386611,56.923436 
1130.823490,57.033483 
1132.260368,57.126280 
1133.697247,57.228709 
1135.134125,57.319644 
1136.571004,57.416183 
1138.007883,57.505547 
1139.444761,57.594827 
1140.881640,57.697049 
1142.318519,57.789528 
1143.755397,57.902089 
1145.192276,58.014120 
1146.629155,58.102473 
1148.066033,58.206645 
1149.502912,58.287805 
1150.939790,58.353447 
1152.376669,58.444117 
1153.813548,58.509554 
1155.250426,58.563813 
1156.687305,58.628159 
1158.124184,58.677898 
1159.561062,58.728749 
1160.997941,58.770669 
1162.434820,58.816676 
1163.871698,58.880869 
1165.308577,58.926155 
1166.745456,58.968737 
1168.182334,59.000716 
1169.619213,59.011963 
1171.056091,59.029882 
1172.492970,59.013758 
1173.929849,58.993145 
1175.366727,59.003420 
1176.803606,58.975161 
1178.240485,58.944586 
1179.677363,58.928584 
1181.114242,58.887861 
1182.551121,58.886060 
1183.987999,58.893759 
1185.424878,58.872456 
1186.861756,58.875033 
1188.298635,58.870360 
1189.735514,58.875411 
1191.172392,58.909408 
1192.609271,58.915475 
1194.046150,58.931124 
1195.483028,58.950629 
1196.919907,58.947981 
1198.356786,58.979747 
1199.793664,59.020296 
1201.230543,59.052733 
1202.667422,59.083612 
1204.104300,59.096197 
1205.541179,59.140053 
1206.978057,59.187528 
1208.414936,59.217142 
1209.851815,59.292525 
1211.288693,59.373085 
1212.725572,59.458501 
1214.162451,59.568156 
1215.599329,59.647185 
1217.036208,59.740826 
1218.473087,59.844187 
1219.909965,59.919015 
1221.346844,60.022903 
1222.783722,60.121706 
1224.220601,60.205907 
1225.657480,60.318905 
1227.094358,60.424522 
1228.531237,60.541947 
1229.968116,60.665558 
1231.404994,60.766689 
1232.841873,60.885125 
1234.278752,60.999455 
1235.715630,61.122978 
1237.152509,61.263980 
1238.589388,61.359966 
1240.026266,61.466369 
1241.463145,61.588576 
1242.900023,61.675476 
1244.336902,61.785989 
1245.773781,61.890754 
1247.210659,61.965536 
1248.647538,62.067327 
1250.084417,62.158529 
1251.521295,62.236909 
1252.958174,62.326442 
1254.395053,62.403982 
1255.831931,62.484532 
1257.268810,62.537161 
1258.705688,62.553445 
1260.142567,62.602478 
1261.579446,62.679252 
1263.016324,62.742821 
1264.453203,62.778064 
1265.890082,62.804078 
1267.326960,62.846271 
1268.763839,62.867068 
1270.200718,62.881761 
1271.637596,62.929380 
1273.074475,62.976532 
1274.511353,63.026505 
1275.948232,63.068719 
1277.385111,63.085163 
1278.821989,63.114206 
1280.258868,63.145323 
1281.695747,63.185305 
1283.132625,63.252450 
1284.569504,63.286014 
1286.006383,63.277074 
1287.443261,63.279154 
1288.880140,63.326740 
1290.317019,63.381846 
1291.753897,63.396130 
1293.190776,63.432476 
1294.627654,63.464850 
1296.064533,63.430421 
1297.501412,63.438773 
1298.938290,63.475132 
1300.375169,63.460520 
1301.812048,63.433608 
1303.248926,63.406624 
1304.685805,63.354636 
1306.122684,63.300887 
1307.559562,63.184869 
1308.996441,63.082277 
1310.433319,62.963560 
1311.870198,62.774589 
1313.307077,62.690319 
1314.743955,62.709753 
1316.180834,62.719199 
1317.617713,62.792381 
1319.054591,62.954609 
1320.491470,63.188494 
1321.928349,63.390880 
1323.365227,63.517605 
1324.802106,63.684091 
1326.238985,63.829339 
1327.675863,63.908779 
1329.112742,63.990158 
1330.549620,64.053963 
1331.986499,64.124361 
1333.423378,64.183851 
1334.860256,64.157749 
1336.297135,64.127012 
1337.734014,64.032207 
1339.170892,63.971376 
1340.607771,64.215218 
1342.044650,64.403776 
1343.481528,64.402619 
1344.918407,64.444058 
1346.355285,64.481518 
1347.792164,64.482458 
1349.229043,64.516955 
1350.665921,64.568764 
1352.102800,64.598281 
1353.539679,64.572293 
1354.976557,64.593910 
1356.413436,64.655815 
1357.850315,64.632543 
1359.287193,64.594762 
1360.724072,64.504588 
1362.160951,64.464174 
1363.597829,64.803904 
1365.034708,65.024538 
1366.471586,64.947462 
1367.908465,64.959335 
1369.345344,65.038877 
1370.782222,65.077442 
1372.219101,65.013349 
1373.655980,64.986901 
1375.092858,65.186415 
1376.529737,65.240836 
1377.966616,65.162425 
1379.403494,65.209816 
1380.840373,65.206096 
1382.277251,65.173678 
1383.714130,65.215582 
1385.151009,65.085983 
1386.587887,65.015916 
1388.024766,65.218808 
1389.461645,65.261667 
1390.898523,65.189414 
1392.335402,65.055997 
1393.772281,64.925759 
1395.209159,65.110487 
1396.646038,65.192558 
1398.082917,65.045686 
1399.519795,65.288031 
1400.956674,65.503615 
1402.393552,65.308164 
1403.830431,65.226042 
1405.267310,65.383511 
1406.704188,65.518256 
1408.141067,65.492914 
1409.577946,65.470291 
1411.014824,65.518634 
1412.451703,65.556722 
1413.888582,65.575941 
1415.325460,65.541666 
1416.762339,65.369028 
1418.199217,65.321914 
1419.636096,65.893762 
1421.072975,66.108449 
1422.509853,65.762316 
1423.946732,65.748763 
1425.383611,66.062481 
1426.820489,65.984209 
1428.257368,65.860983 
1429.694247,66.036836 
1431.131125,66.148193 
1432.568004,66.210525 
1434.004883,66.049640 
1435.441761,65.851150 
1436.878640,66.465000 
1438.315518,66.920407 
1439.752397,66.595091 
1441.189276,66.548545 
1442.626154,66.657574 
1444.063033,66.719447 
1445.499912,66.708206 
1446.936790,66.655890 
1448.373669,66.996430 
1449.810548,67.154593 
1451.247426,66.955265 
1452.684305,67.028148 
1454.121183,66.870463 
1455.558062,66.455307 
1456.994941,66.846273 
1458.431819,67.736376 
1459.868698,67.682742 
1461.305577,67.591147 
1462.742455,67.346219 
1464.179334,67.413816 
1465.616213,68.007030 
1467.053091,68.139604 
1468.489970,68.143585 
1469.926849,68.085145 
1471.363727,67.968712 
1472.800606,68.581042 
1474.237484,69.082207 
1475.674363,68.961611 
1477.111242,69.329969 
1478.548120,69.497355 
1479.984999,69.314428 
1481.421878,69.451545 
1482.858756,69.721213 
1484.295635,69.650906 
1485.732514,69.588061 
1487.169392,69.629816 
1488.606271,69.580483 
1490.043149,69.629074 
1491.480028,70.003063 
1492.916907,69.863891 
1494.353785,69.590014 
1495.790664,69.549345 
1497.227543,69.721707 
1498.664421,69.759526 
1500.101300,69.634466 
1501.538179,69.536448 
1502.975057,69.343400 
1504.411936,69.078645 
1505.848815,68.842438 
1507.285693,69.099099 
1508.722572,69.379450 
1510.159450,69.116211 
1511.596329,69.066509 
1513.033208,69.103263 
1514.470086,68.824923 
1515.906965,68.521864 
1517.343844,68.785752 
1518.780722,68.803974 
1520.217601,68.416770 
1521.654480,68.668012 
1523.091358,68.922017 
1524.528237,68.453640 
1525.965115,68.349080 
1527.401994,68.363192 
1528.838873,68.295442 
1530.275751,68.213084 
1531.712630,67.762986 
1533.149509,67.624703 
1534.586387,68.239655 
1536.023266,67.776755 
1537.460145,67.153685 
1538.897023,66.915471 
1540.333902,67.321926 
1541.770780,67.641060 
1543.207659,67.072377 
1544.644538,66.806521 
1546.081416,67.077106 
1547.518295,66.681035 
1548.955174,66.235657 
1550.392052,66.308553 
1551.828931,66.162165 
1553.265810,65.792566 
1554.702688,65.768576 
1556.139567,65.559959 
1557.576446,64.886868 
1559.013324,64.877872 
1560.450203,66.847344 
1561.887081,65.584614 
1563.323960,64.863852 
1564.760839,64.827344 
1566.197717,64.842999 
1567.634596,64.367328 
1569.071475,64.185659 
1570.508353,64.867575 
1571.945232,64.813970 
1573.382111,64.217508 
1574.818989,63.968180 
1576.255868,64.337083 
1577.692746,64.681283 
1579.129625,64.321010 
1580.566504,64.093896 
1582.003382,64.113408 
1583.440261,64.071708 
1584.877140,64.025935 
1586.314018,64.027235 
1587.750897,63.985060 
1589.187776,63.946023 
1590.624654,63.923342 
1592.061533,63.874320 
1593.498412,63.804117 
1594.935290,63.772007 
1596.372169,63.758739 
1597.809047,63.689339 
1599.245926,63.582357 
1600.682805,63.455673 
1602.119683,63.335438 
1603.556562,63.262920 
1604.993441,63.169968 
1606.430319,62.994092 
1607.867198,62.891078 
1609.304077,62.837410 
1610.740955,62.744201 
1612.177834,62.684087 
1613.614712,62.478901 
1615.051591,62.120592 
1616.488470,62.399226 
1617.925348,63.121495 
1619.362227,62.794374 
1620.799106,62.281071 
1622.235984,62.167259 
1623.672863,62.725370 
1625.109742,62.972446 
1626.546620,62.678623 
1627.983499,62.816309 
1629.420378,63.162845 
1630.857256,63.033111 
1632.294135,62.835444 
1633.731013,62.631728 
1635.167892,62.706636 
1636.604771,63.855589 
1638.041649,63.863180 
1639.478528,63.499719 
1640.915407,63.638619 
1642.352285,63.628974 
1643.789164,63.420726 
1645.226043,63.294130 
1646.662921,63.492557 
1648.099800,64.557984 
1649.536678,64.358214 
1650.973557,63.535939 
1652.410436,63.297681 
1653.847314,65.783745 
1655.284193,65.649955 
1656.721072,64.788839 
1658.157950,64.614947 
1659.594829,64.653523 
1661.031708,64.570656 
1662.468586,64.702117 
1663.905465,65.242135 
1665.342344,65.172246 
1666.779222,64.698218 
1668.216101,64.581836 
1669.652979,64.861881 
1671.089858,65.352554 
1672.526737,65.178961 
1673.963615,64.682625 
1675.400494,65.166608 
1676.837373,65.630053 
1678.274251,64.853037 
1679.711130,64.634770 
1681.148009,64.624512 
1682.584887,64.157441 
1684.021766,64.245463 
1685.458644,65.706894 
1686.895523,64.999285 
1688.332402,64.539964 
1689.769280,64.573480 
1691.206159,64.719803 
1692.643038,64.505381 
1694.079916,63.854999 
1695.516795,63.971920 
1696.953674,64.864782 
1698.390552,64.053984 
1699.827431,63.800612 
1701.264310,65.768502 
1702.701188,64.818459 
1704.138067,63.790806 
1705.574945,64.186143 
1707.011824,64.687560 
1708.448703,64.332669 
1709.885581,64.262366 
1711.322460,64.271093 
1712.759339,64.023901 
1714.196217,63.885747 
1715.633096,63.886438 
1717.069975,63.977528 
1718.506853,64.965363 
1719.943732,65.298014 
1721.380610,64.746673 
1722.817489,64.573876 
1724.254368,64.837812 
1725.691246,64.963734 
1727.128125,64.886570 
1728.565004,64.843250 
1730.001882,64.985593 
1731.438761,65.069201 
1732.875640,64.816013 
1734.312518,65.399809 
1735.749397,66.416271 
1737.186276,65.753704 
1738.623154,65.533946 
1740.060033,66.092568 
1741.496911,66.198763 
1742.933790,66.085742 
1744.370669,66.298295 
1745.807547,66.375882 
1747.244426,66.383497 
1748.681305,66.579228 
1750.118183,66.810848 
1751.555062,67.199992 
1752.991941,67.519170 
1754.428819,67.383886 
1755.865698,67.312795 
1757.302576,67.677145 
1758.739455,67.861963 
1760.176334,67.745136 
1761.613212,67.954032 
1763.050091,68.439164 
1764.486970,68.510497 
1765.923848,68.395939 
1767.360727,68.473249 
1768.797606,68.829828 
1770.234484,68.781734 
1771.671363,68.843669 
1773.108242,69.821055 
1774.545120,69.945811 
1775.981999,69.789906 
1777.418877,70.078267 
1778.855756,70.065646 
1780.292635,70.226910 
1781.729513,70.852889 
1783.166392,70.950212 
1784.603271,71.166466 
1786.040149,71.705447 
1787.477028,71.892310 
1788.913907,72.023398 
1790.350785,72.051190 
1791.787664,72.396666 
1793.224542,73.493377 
1794.661421,73.682737 
1796.098300,73.719863 
1797.535178,74.186037 
1798.972057,74.401862 
1800.408936,74.757991 
1801.845814,75.270697 
1803.282693,75.576338 
1804.719572,76.004672 
1806.156450,76.196323 
1807.593329,76.331919 
1809.030207,76.583491 
1810.467086,76.690275 
1811.903965,76.934437 
1813.340843,77.179371 
1814.777722,77.227739 
1816.214601,77.362570 
1817.651479,77.435241 
1819.088358,77.440342 
1820.525237,77.558259 
1821.962115,77.513993 
1823.398994,77.444723 
1824.835873,77.527263 
1826.272751,77.610479 
1827.709630,77.565035 
1829.146508,77.448937 
1830.583387,77.629258 
1832.020266,77.790061 
1833.457144,77.591853 
1834.894023,77.589374 
1836.330902,77.666381 
1837.767780,77.550939 
1839.204659,77.666866 
1840.641538,77.620477 
1842.078416,77.332789 
1843.515295,77.457614 
1844.952173,77.685762 
1846.389052,77.598604 
1847.825931,77.467084 
1849.262809,77.414538 
1850.699688,77.485896 
1852.136567,77.385055 
1853.573445,77.300623 
1855.010324,77.411972 
1856.447203,77.313479 
1857.884081,77.305682 
1859.320960,77.408166 
1860.757839,77.311393 
1862.194717,77.328391 
1863.631596,77.267893 
1865.068474,77.118464 
1866.505353,77.089839 
1867.942232,76.941936 
1869.379110,77.125855 
1870.815989,77.353848 
1872.252868,77.093333 
1873.689746,77.089035 
1875.126625,77.153366 
1876.563504,77.014805 
1878.000382,77.101824 
1879.437261,77.033290 
1880.874139,77.043115 
1882.311018,77.200048 
1883.747897,76.986269 
1885.184775,77.011386 
1886.621654,77.054202 
1888.058533,76.803043 
1889.495411,76.958856 
1890.932290,77.110141 
1892.369169,76.966963 
1893.806047,76.956286 
1895.242926,76.876381 
1896.679805,76.932338 
1898.116683,77.003924 
1899.553562,76.884222 
1900.990440,76.981658 
1902.427319,76.927537 
1903.864198,76.763441 
1905.301076,76.904390 
1906.737955,76.830931 
1908.174834,76.785796 
1909.611712,76.908527 
1911.048591,76.833362 
1912.485470,76.904115 
1913.922348,76.918774 
1915.359227,76.773215 
1916.796105,76.772010 
1918.232984,76.760213 
1919.669863,76.836239 
1921.106741,76.775261 
1922.543620,76.599844 
1923.980499,76.911790 
1925.417377,77.009979 
1926.854256,76.900430 
1928.291135,76.932801 
1929.728013,76.946263 
1931.164892,76.934213 
1932.601771,77.018056 
1934.038649,76.903851 
1935.475528,76.961567 
1936.912406,76.952560 
1938.349285,76.826068 
1939.786164,76.932205 
1941.223042,76.837007 
1942.659921,76.898110 
1944.096800,77.126456 
1945.533678,76.942112 
1946.970557,77.049679 
1948.407436,77.142349 
1949.844314,76.827510 
1951.281193,76.934758 
1952.718071,77.182807 
1954.154950,77.032427 
1955.591829,77.156228 
1957.028707,76.963598 
1958.465586,77.265198 
1959.902465,77.504170 
1961.339343,77.138301 
1962.776222,77.430799 
1964.213101,77.368783 
1965.649979,77.120654 
1967.086858,77.439082 
1968.523737,77.143713 
1969.960615,77.236142 
1971.397494,77.395461 
1972.834372,77.244275 
1974.271251,77.420186 
1975.708130,77.473722 
1977.145008,77.388056 
1978.581887,77.745113 
1980.018766,77.366146 
1981.455644,77.256143 
1982.892523,77.315523 
1984.329402,77.155857 
1985.766280,77.278346 
1987.203159,77.141579 
1988.640037,76.845837 
1990.076916,77.207313 
1991.513795,77.053128 
1992.950673,77.022740 
1994.387552,77.201305 
1995.824431,76.822816 
1997.261309,76.923615 
1998.698188,76.995904 
2000.135067,76.821201 
2001.571945,77.140553 
2003.008824,77.031863 
2004.445703,77.072146 
2005.882581,77.415985 
2007.319460,76.943405 
2008.756338,76.835896 
2010.193217,76.788317 
2011.630096,76.632126 
2013.066974,77.229839 
2014.503853,77.128124 
2015.940732,76.927804 
2017.377610,77.294172 
2018.814489,76.955769 
2020.251368,77.045485 
2021.688246,77.151861 
2023.125125,76.706983 
2024.562003,77.020470 
2025.998882,77.046778 
2027.435761,76.918558 
2028.872639,77.202589 
2030.309518,76.839277 
2031.746397,76.990412 
2033.183275,77.294090 
2034.620154,76.889392 
2036.057033,77.066375 
2037.493911,76.967018 
2038.930790,76.697442 
2040.367669,76.959568 
2041.804547,76.763154 
2043.241426,76.791193 
2044.678304,76.997924 
2046.115183,76.717603 
2047.552062,76.827355 
2048.988940,76.859718 
2050.425819,76.714100 
2051.862698,76.854091 
2053.299576,76.769647 
2054.736455,76.808756 
2056.173334,76.856455 
2057.610212,76.615598 
2059.047091,76.652142 
2060.483969,76.547170 
2061.920848,76.368562 
2063.357727,76.482100 
2064.794605,76.357629 
2066.231484,76.443548 
2067.668363,76.645185 
2069.105241,76.420136 
2070.542120,76.477826 
2071.978999,76.587982 
2073.415877,76.481653 
2074.852756,76.551572 
2076.289635,76.442383 
2077.726513,76.419192 
2079.163392,76.566592 
2080.600270,76.441247 
2082.037149,76.473336 
2083.474028,76.568813 
2084.910906,76.553708 
2086.347785,76.674589 
2087.784664,76.574360 
2089.221542,76.482639 
2090.658421,76.580262 
2092.095300,76.512617 
2093.532178,76.574638 
2094.969057,76.616297 
2096.405935,76.522383 
2097.842814,76.642323 
2099.279693,76.582228 
2100.716571,76.520794 
2102.153450,76.657139 
2103.590329,76.561579 
2105.027207,76.595253 
2106.464086,76.733320 
2107.900965,76.719941 
2109.337843,76.824559 
2110.774722,76.752956 
2112.211600,76.644700 
2113.648479,76.716256 
2115.085358,76.639659 
2116.522236,76.708300 
2117.959115,76.764612 
2119.395994,76.601576 
2120.832872,76.710340 
2122.269751,76.736542 
2123.706630,76.655632 
2125.143508,76.845400 
2126.580387,76.815397 
2128.017266,76.749314 
2129.454144,76.812182 
2130.891023,76.703617 
2132.327901,76.816973 
2133.764780,76.902951 
2135.201659,76.791758 
2136.638537,76.918289 
2138.075416,76.895766 
2139.512295,76.907540 
2140.949173,77.018640 
2142.386052,76.901182 
2143.822931,77.064436 
2145.259809,77.108817 
2146.696688,77.002433 
2148.133566,77.261431 
2149.570445,77.157778 
2151.007324,77.207873 
2152.444202,77.547208 
2153.881081,77.319509 
2155.317960,77.481685 
2156.754838,77.791210 
2158.191717,77.787722 
2159.628596,78.079990 
2161.065474,77.548715 
2162.502353,77.371660 
2163.939232,77.835859 
2165.376110,77.471888 
2166.812989,77.305522 
2168.249867,77.272112 
2169.686746,77.005229 
2171.123625,77.318673 
2172.560503,77.345848 
2173.997382,77.112363 
2175.434261,77.244489 
2176.871139,77.097680 
2178.308018,77.117215 
2179.744897,77.205960 
2181.181775,76.967549 
2182.618654,76.970557 
2184.055532,76.823035 
2185.492411,76.738371 
2186.929290,76.936068 
2188.366168,76.772254 
2189.803047,76.807246 
2191.239926,76.916638 
2192.676804,76.713759 
2194.113683,76.819441 
2195.550562,76.855056 
2196.987440,76.852050 
2198.424319,77.028002 
2199.861198,76.834235 
2201.298076,76.822697 
2202.734955,76.920236 
2204.171833,76.659357 
2205.608712,76.670618 
2207.045591,76.702552 
2208.482469,76.679618 
2209.919348,76.865180 
2211.356227,76.731594 
2212.793105,76.661479 
2214.229984,76.748632 
2215.666863,76.629571 
2217.103741,76.776879 
2218.540620,76.838758 
2219.977498,76.692935 
2221.414377,76.789000 
2222.851256,76.689729 
2224.288134,76.618100 
2225.725013,76.741967 
2227.161892,76.638800 
2228.598770,76.663346 
2230.035649,76.701995 
2231.472528,76.574161 
2232.909406,76.603789 
2234.346285,76.575562 
2235.783164,76.575933 
2237.220042,76.603756 
2238.656921,76.452621 
2240.093799,76.497101 
2241.530678,76.522579 
2242.967557,76.425916 
2244.404435,76.560115 
2245.841314,76.567155 
2247.278193,76.491910 
2248.715071,76.485692 
2250.151950,76.300745 
2251.588829,76.329598 
2253.025707,76.425876 
2254.462586,76.472921 
2255.899464,76.607660 
2257.336343,76.558122 
2258.773222,76.477145 
2260.210100,76.553983 
2261.646979,76.557278 
2263.083858,76.572917 
2264.520736,76.621943 
2265.957615,76.596557 
2267.394494,76.695183 
2268.831372,76.693427 
2270.268251,76.697865 
2271.705130,76.784960 
2273.142008,76.638437 
2274.578887,76.567226 
2276.015765,76.614770 
2277.452644,76.581958 
2278.889523,76.625140 
2280.326401,76.540653 
2281.763280,76.469481 
2283.200159,76.490411 
2284.637037,76.424934 
2286.073916,76.355808 
2287.510795,76.330300 
2288.947673,76.271250 
2290.384552,76.243491 
2291.821430,76.172131 
2293.258309,76.097997 
2294.695188,76.108129 
2296.132066,76.061054 
2297.568945,75.974484 
2299.005824,75.878041 
2300.442702,75.833610 
2301.879581,75.808371 
2303.316460,75.727697 
2304.753338,75.580329 
2306.190217,75.529135 
2307.627096,75.412315 
2309.063974,75.325144 
2310.500853,75.319638 
2311.937731,75.233585 
2313.374610,75.218352 
2314.811489,75.207048 
2316.248367,75.101364 
2317.685246,75.044991 
2319.122125,74.917664 
2320.559003,74.749687 
2321.995882,74.642322 
2323.432761,74.472993 
2324.869639,74.315511 
2326.306518,74.203822 
2327.743396,74.151061 
2329.180275,74.211466 
2330.617154,74.265402 
2332.054032,74.366981 
2333.490911,74.510762 
2334.927790,74.537856 
2336.364668,74.585534 
2337.801547,74.622573 
2339.238426,74.567262 
2340.675304,74.567715 
2342.112183,74.571330 
2343.549062,74.563060 
2344.985940,74.579087 
2346.422819,74.634319 
2347.859697,74.639411 
2349.296576,74.376054 
2350.733455,74.011431 
2352.170333,74.132251 
2353.607212,74.331961 
2355.044091,74.359028 
2356.480969,74.546726 
2357.917848,74.656445 
2359.354727,74.769683 
2360.791605,74.953463 
2362.228484,74.908681 
2363.665362,74.986410 
2365.102241,75.205412 
2366.539120,75.390432 
2367.975998,75.618741 
2369.412877,75.674868 
2370.849756,75.704039 
2372.286634,75.748092 
2373.723513,75.674213 
2375.160392,75.735870 
2376.597270,75.745968 
2378.034149,75.667016 
2379.471027,75.752804 
2380.907906,75.829359 
2382.344785,75.897245 
2383.781663,75.986207 
2385.218542,75.987198 
2386.655421,76.052587 
2388.092299,76.087220 
2389.529178,76.061339 
2390.966057,76.065162 
2392.402935,76.034677 
2393.839814,76.031350 
2395.276693,76.062238 
2396.713571,75.990144 
2398.150450,75.963409 
2399.587328,75.981575 
2401.024207,75.932179 
2402.461086,75.941567 
2403.897964,75.956479 
2405.334843,75.948538 
2406.771722,75.987733 
2408.208600,75.981718 
2409.645479,75.978466 
2411.082358,75.974576 
2412.519236,75.925431 
2413.956115,75.953883 
2415.392993,75.973931 
2416.829872,75.953366 
2418.266751,75.993445 
2419.703629,75.998979 
2421.140508,75.995013 
2422.577387,76.012307 
2424.014265,75.994496 
2425.451144,76.010600 
2426.888023,76.012224 
2428.324901,75.995806 
2429.761780,76.011955 
2431.198659,75.983038 
2432.635537,75.991714 
2434.072416,76.031405 
2435.509294,76.006083 
2436.946173,76.004560 
2438.383052,75.969051 
2439.819930,75.911148 
2441.256809,75.930316 
2442.693688,75.919162 
2444.130566,75.924031 
2445.567445,75.950840 
2447.004324,75.903027 
2448.441202,75.899982 
2449.878081,75.899831 
2451.314959,75.859606 
2452.751838,75.871809 
2454.188717,75.857027 
2455.625595,75.862169 
2457.062474,75.885562 
2458.499353,75.813954 
2459.936231,75.806580 
2461.373110,75.848843 
2462.809989,75.819029 
2464.246867,75.826002 
2465.683746,75.846391 
2467.120625,75.843293 
2468.557503,75.825046 
2469.994382,75.776524 
2471.431260,75.790939 
2472.868139,75.792931 
2474.305018,75.748721 
2475.741896,75.779444 
2477.178775,75.783191 
2478.615654,75.764352 
2480.052532,75.782211 
2481.489411,75.744485 
2482.926290,75.742010 
2484.363168,75.768025 
2485.800047,75.750135 
2487.236925,75.780284 
2488.673804,75.779846 
2490.110683,75.740617 
2491.547561,75.740193 
2492.984440,75.721599 
2494.421319,75.750820 
2495.858197,75.778312 
2497.295076,75.728504 
2498.731955,75.731883 
2500.168833,75.728671 
2501.605712,75.706495 
2503.042591,75.738225 
2504.479469,75.715615 
2505.916348,75.700525 
2507.353226,75.727699 
2508.790105,75.716707 
2510.226984,75.725692 
2511.663862,75.695999 
2513.100741,75.655737 
2514.537620,75.689767 
2515.974498,75.664232 
2517.411377,75.637706 
2518.848256,75.664868 
2520.285134,75.650205 
2521.722013,75.666860 
2523.158891,75.672894 
2524.595770,75.647757 
2526.032649,75.674471 
2527.469527,75.643018 
2528.906406,75.607865 
2530.343285,75.649725 
2531.780163,75.650860 
2533.217042,75.639709 
2534.653921,75.622765 
2536.090799,75.601634 
2537.527678,75.623326 
2538.964557,75.595150 
2540.401435,75.580775 
2541.838314,75.625241 
2543.275192,75.622504 
2544.712071,75.633443 
2546.148950,75.630692 
2547.585828,75.596727 
2549.022707,75.619081 
2550.459586,75.596535 
2551.896464,75.572366 
2553.333343,75.605313 
2554.770222,75.580229 
2556.207100,75.591205 
2557.643979,75.623144 
2559.080857,75.581578 
2560.517736,75.589453 
2561.954615,75.601683 
2563.391493,75.579508 
2564.828372,75.588794 
2566.265251,75.572453 
2567.702129,75.579750 
2569.139008,75.604607 
2570.575887,75.580527 
2572.012765,75.588975 
2573.449644,75.585450 
2574.886523,75.552749 
2576.323401,75.561446 
2577.760280,75.556154 
2579.197158,75.551241 
2580.634037,75.547993 
2582.070916,75.528248 
2583.507794,75.536195 
2584.944673,75.505892 
2586.381552,75.490001 
2587.818430,75.541579 
2589.255309,75.532585 
2590.692188,75.520039 
2592.129066,75.524633 
2593.565945,75.482688 
2595.002823,75.494859 
2596.439702,75.506647 
2597.876581,75.477009 
2599.313459,75.486063 
2600.750338,75.462408 
2602.187217,75.448240 
2603.624095,75.484382 
2605.060974,75.477314 
2606.497853,75.475441 
2607.934731,75.467663 
2609.371610,75.434587 
2610.808489,75.447918 
2612.245367,75.442445 
2613.682246,75.429012 
2615.119124,75.446895 
2616.556003,75.433012 
2617.992882,75.438634 
2619.429760,75.452733 
2620.866639,75.434611 
2622.303518,75.444817 
2623.740396,75.438789 
2625.177275,75.419569 
2626.614154,75.428376 
2628.051032,75.419992 
2629.487911,75.433607 
2630.924789,75.449828 
2632.361668,75.431543 
2633.798547,75.455752 
2635.235425,75.477003 
2636.672304,75.458715 
2638.109183,75.455377 
2639.546061,75.448492 
2640.982940,75.451764 
2642.419819,75.461629 
2643.856697,75.456211 
2645.293576,75.478489 
2646.730454,75.491325 
2648.167333,75.475554 
2649.604212,75.474087 
2651.041090,75.467906 
2652.477969,75.470908 
2653.914848,75.486183 
2655.351726,75.487451 
2656.788605,75.493849 
2658.225484,75.489578 
2659.662362,75.486066 
2661.099241,75.499477 
2662.536120,75.490284 
2663.972998,75.490458 
2665.409877,75.500856 
2666.846755,75.486337 
2668.283634,75.490727 
2669.720513,75.494010 
2671.157391,75.483071 
2672.594270,75.498258 
2674.031149,75.502380 
2675.468027,75.501593 
2676.904906,75.515899 
2678.341785,75.516310 
2679.778663,75.523749 
2681.215542,75.523353 
2682.652420,75.511900 
2684.089299,75.525801 
2685.526178,75.524129 
2686.963056,75.514518 
2688.399935,75.530372 
2689.836814,75.546588 
2691.273692,75.567712 
2692.710571,75.566442 
2694.147450,75.542665 
2695.584328,75.547796 
2697.021207,75.548949 
2698.458086,75.542021 
2699.894964,75.545592 
2701.331843,75.538548 
2702.768721,75.547126 
2704.205600,75.550965 
2705.642479,75.533615 
2707.079357,75.537735 
2708.516236,75.536191 
2709.953115,75.529677 
2711.389993,75.527583 
2712.826872,75.504552 
2714.263751,75.508054 
2715.700629,75.516419 
2717.137508,75.495276 
2718.574386,75.500778 
2720.011265,75.502697 
2721.448144,75.496207 
2722.885022,75.512091 
2724.321901,75.499598 
2725.758780,75.490225 
2727.195658,75.496450 
2728.632537,75.467524 
2730.069416,75.451383 
2731.506294,75.452276 
2732.943173,75.442168 
2734.380052,75.442443 
2735.816930,75.438626 
2737.253809,75.438949 
2738.690687,75.438603 
2740.127566,75.423788 
2741.564445,75.428980 
2743.001323,75.421234 
2744.438202,75.396923 
2745.875081,75.394524 
2747.311959,75.375036 
2748.748838,75.363538 
2750.185717,75.379849 
2751.622595,75.372916 
2753.059474,75.363525 
2754.496352,75.351277 
2755.933231,75.333537 
2757.370110,75.340538 
2758.806988,75.332257 
2760.243867,75.318233 
2761.680746,75.321905 
2763.117624,75.305781 
2764.554503,75.287820 
2765.991382,75.271351 
2767.428260,75.254064 
2768.865139,75.255719 
2770.302018,75.243198 
2771.738896,75.234636 
2773.175775,75.239895 
2774.612653,75.218015 
2776.049532,75.204562 
2777.486411,75.199378 
2778.923289,75.182085 
2780.360168,75.175069 
2781.797047,75.154372 
2783.233925,75.140695 
2784.670804,75.141742 
2786.107683,75.119626 
2787.544561,75.119928 
2788.981440,75.123336 
2790.418318,75.095671 
2791.855197,75.088398 
2793.292076,75.071248 
2794.728954,75.048439 
2796.165833,75.055517 
2797.602712,75.041203 
2799.039590,75.027264 
2800.476469,75.020675 
2801.913348,74.984651 
2803.350226,74.964103 
2804.787105,74.954237 
2806.223984,74.944077 
2807.660862,74.946164 
2809.097741,74.925616 
2810.534619,74.912853 
2811.971498,74.911700 
2813.408377,74.889479 
2814.845255,74.882927 
2816.282134,74.868208 
2817.719013,74.841161 
2819.155891,74.836201 
2820.592770,74.811811 
2822.029649,74.786662 
2823.466527,74.771936 
2824.903406,74.745619 
2826.340284,74.751654 
2827.777163,74.747573 
2829.214042,74.710124 
2830.650920,74.690142 
2832.087799,74.651439 
2833.524678,74.616601 
2834.961556,74.602943 
2836.398435,74.552102 
2837.835314,74.510439 
2839.272192,74.482174 
2840.709071,74.432698 
2842.145950,74.394189 
2843.582828,74.330530 
2845.019707,74.250630 
2846.456585,74.198950 
2847.893464,74.142748 
2849.330343,74.096485 
2850.767221,74.052185 
2852.204100,74.005371 
2853.640979,74.016219 
2855.077857,74.048575 
2856.514736,74.082197 
2857.951615,74.127927 
2859.388493,74.136544 
2860.825372,74.141837 
2862.262250,74.153252 
2863.699129,74.140862 
2865.136008,74.142176 
2866.572886,74.127072 
2868.009765,74.095933 
2869.446644,74.084349 
2870.883522,74.050772 
2872.320401,74.032350 
2873.757280,74.035266 
2875.194158,74.005535 
2876.631037,73.989209 
2878.067916,73.969987 
2879.504794,73.932420 
2880.941673,73.927540 
2882.378551,73.906333 
2883.815430,73.862721 
2885.252309,73.831105 
2886.689187,73.790280 
2888.126066,73.766540 
2889.562945,73.740428 
2890.999823,73.686069 
2892.436702,73.655669 
2893.873581,73.643843 
2895.310459,73.635567 
2896.747338,73.620069 
2898.184216,73.578894 
2899.621095,73.552452 
2901.057974,73.529706 
2902.494852,73.502131 
2903.931731,73.502923 
2905.368610,73.490908 
2906.805488,73.471676 
2908.242367,73.463501 
2909.679246,73.428746 
2911.116124,73.399270 
2912.553003,73.371251 
2913.989882,73.320535 
2915.426760,73.278847 
2916.863639,73.228752 
2918.300517,73.192092 
2919.737396,73.181570 
2921.174275,73.148432 
2922.611153,73.142575 
2924.048032,73.172681 
2925.484911,73.191138 
2926.921789,73.217927 
2928.358668,73.225813 
2929.795547,73.235040 
2931.232425,73.288913 
2932.669304,73.327378 
2934.106182,73.362753 
2935.543061,73.413353 
2936.979940,73.446619 
2938.416818,73.487733 
2939.853697,73.512206 
2941.290576,73.514119 
2942.727454,73.535670 
2944.164333,73.547954 
2945.601212,73.552017 
2947.038090,73.554676 
2948.474969,73.545533 
2949.911847,73.547102 
2951.348726,73.538795 
2952.785605,73.541252 
2954.222483,73.570497 
2955.659362,73.573728 
2957.096241,73.595647 
2958.533119,73.637713 
2959.969998,73.648061 
2961.406877,73.683845 
2962.843755,73.725381 
2964.280634,73.741104 
2965.717513,73.771615 
2967.154391,73.797935 
2968.591270,73.845556 
2970.028148,73.899687 
2971.465027,73.900037 
2972.901906,73.913717 
2974.338784,73.940312 
2975.775663,73.953089 
2977.212542,73.995836 
2978.649420,74.016153 
2980.086299,74.015803 
2981.523178,74.042510 
2982.960056,74.062656 
2984.396935,74.085495 
2985.833813,74.089952 
2987.270692,74.072302 
2988.707571,74.092166 
2990.144449,74.106315 
2991.581328,74.108795 
2993.018207,74.123371 
2994.455085,74.116606 
2995.891964,74.133669 
2997.328843,74.148761 
2998.765721,74.119278 
3000.202600,74.127177 
3001.639479,74.139453 
3003.076357,74.112220 
3004.513236,74.103998 
3005.950114,74.109682 
3007.386993,74.114809 
3008.823872,74.095058 
3010.260750,74.057589 
3011.697629,74.070714 
3013.134508,74.091984 
3014.571386,74.084772 
3016.008265,74.071505 
3017.445144,74.046989 
3018.882022,74.053949 
3020.318901,74.055555 
3021.755779,74.011983 
3023.192658,74.007498 
3024.629537,74.013281 
3026.066415,73.996592 
3027.503294,73.993676 
3028.940173,73.955362 
3030.377051,73.918376 
3031.813930,73.926198 
3033.250809,73.914915 
3034.687687,73.894131 
3036.124566,73.874273 
3037.561445,73.855028 
3038.998323,73.851857 
3040.435202,73.838124 
3041.872080,73.839320 
3043.308959,73.838556 
3044.745838,73.799361 
3046.182716,73.781303 
3047.619595,73.755689 
3049.056474,73.706891 
3050.493352,73.690401 
3051.930231,73.666215 
3053.367110,73.633218 
3054.803988,73.591019 
3056.240867,73.537894 
3057.677745,73.553039 
3059.114624,73.562067 
3060.551503,73.514307 
3061.988381,73.493302 
3063.425260,73.455310 
3064.862139,73.413238 
3066.299017,73.411041 
3067.735896,73.391456 
3069.172775,73.393884 
3070.609653,73.386325 
3072.046532,73.319088 
3073.483411,73.284327 
3074.920289,73.258820 
3076.357168,73.225629 
3077.794046,73.220546 
3079.230925,73.186974 
3080.667804,73.159928 
3082.104682,73.146267 
3083.541561,73.105418 
3084.978440,73.096451 
3086.415318,73.080082 
3087.852197,73.044749 
3089.289076,73.040088 
3090.725954,73.007733 
3092.162833,72.974506 
3093.599711,72.941588 
3095.036590,72.875638 
3096.473469,72.882010 
3097.910347,72.892535 
3099.347226,72.818504 
3100.784105,72.780716 
3102.220983,72.779865 
3103.657862,72.772182 
3105.094741,72.755653 
3106.531619,72.696139 
3107.968498,72.658821 
3109.405377,72.662557 
3110.842255,72.663279 
3112.279134,72.655434 
3113.716012,72.595642 
3115.152891,72.535875 
3116.589770,72.518530 
3118.026648,72.486726 
3119.463527,72.473459 
3120.900406,72.448202 
3122.337284,72.400128 
3123.774163,72.421006 
3125.211042,72.410001 
3126.647920,72.342418 
3128.084799,72.346163 
3129.521677,72.354253 
3130.958556,72.317439 
3132.395435,72.283293 
3133.832313,72.257791 
3135.269192,72.256141 
3136.706071,72.235388 
3138.142949,72.194327 
3139.579828,72.184450 
3141.016707,72.164619 
3142.453585,72.137551 
3143.890464,72.115615 
3145.327343,72.074440 
3146.764221,72.054793 
3148.201100,72.047938 
3149.637978,72.035150 
3151.074857,72.030558 
3152.511736,72.009956 
3153.948614,71.998485 
3155.385493,71.990011 
3156.822372,71.956816 
3158.259250,71.934523 
3159.696129,71.900105 
3161.133008,71.878304 
3162.569886,71.896895 
3164.006765,71.872054 
3165.443643,71.836420 
3166.880522,71.816954 
3168.317401,71.777056 
3169.754279,71.782844 
3171.191158,71.787579 
3172.628037,71.741543 
3174.064915,71.725296 
3175.501794,71.702437 
3176.938673,71.665068 
3178.375551,71.664884 
3179.812430,71.674293 
3181.249309,71.694854 
3182.686187,71.673192 
3184.123066,71.600090 
3185.559944,71.583688 
3186.996823,71.583706 
3188.433702,71.565447 
3189.870580,71.567740 
3191.307459,71.542707 
3192.744338,71.515985 
3194.181216,71.502098 
3195.618095,71.448125 
3197.054974,71.410234 
3198.491852,71.424326 
3199.928731,71.451247 
3201.365609,71.448277 
3202.802488,71.402657 
3204.239367,71.386416 
3205.676245,71.393989 
3207.113124,71.355671 
3208.550003,71.305705 
3209.986881,71.294671 
3211.423760,71.319860 
3212.860639,71.302100 
3214.297517,71.243348 
3215.734396,71.265994 
3217.171274,71.279085 
3218.608153,71.215194 
3220.045032,71.219298 
3221.481910,71.236390 
3222.918789,71.203632 
3224.355668,71.202126 
3225.792546,71.181886 
3227.229425,71.159777 
3228.666304,71.180770 
3230.103182,71.171394 
3231.540061,71.164671 
3232.976940,71.176428 
3234.413818,71.161858 
3235.850697,71.159790 
3237.287575,71.165990 
3238.724454,71.159510 
3240.161333,71.144244 
3241.598211,71.117714 
3243.035090,71.107354 
3244.471969,71.107712 
3245.908847,71.118547 
3247.345726,71.133193 
3248.782605,71.119345 
3250.219483,71.111746 
3251.656362,71.081591 
3253.093240,71.030721 
3254.530119,71.066050 
3255.966998,71.104129 
3257.403876,71.086336 
3258.840755,71.105095 
3260.277634,71.113368 
3261.714512,71.103239 
3263.151391,71.101946 
3264.588270,71.064652 
3266.025148,71.057418 
3267.462027,71.080390 
3268.898906,71.076811 
3270.335784,71.084429 
3271.772663,71.076152 
3273.209541,71.070692 
3274.646420,71.093812 
3276.083299,71.075184 
3277.520177,71.065756 
3278.957056,71.079983 
3280.393935,71.062145 
3281.830813,71.061923 
3283.267692,71.065243 
3284.704571,71.052595 
3286.141449,71.053846 
3287.578328,71.057937 
3289.015206,71.085524 
3290.452085,71.084766 
3291.888964,71.043757 
3293.325842,71.068128 
3294.762721,71.091219 
3296.199600,71.071826 
3297.636478,71.082697 
3299.073357,71.081665 
3300.510236,71.077067 
3301.947114,71.085928 
3303.383993,71.080172 
3304.820872,71.090761 
3306.257750,71.067898 
3307.694629,71.043024 
3309.131507,71.095091 
3310.568386,71.099930 
3312.005265,71.062177 
3313.442143,71.074133 
3314.879022,71.075506 
3316.315901,71.074536 
3317.752779,71.074784 
3319.189658,71.052895 
3320.626537,71.055269 
3322.063415,71.048441 
3323.500294,71.029165 
3324.937172,71.039493 
3326.374051,71.044333 
3327.810930,71.042421 
3329.247808,71.039036 
3330.684687,71.042503 
3332.121566,71.050873 
3333.558444,71.009462 
3334.995323,70.975787 
3336.432202,70.998023 
3337.869080,71.018903 
3339.305959,71.031301 
3340.742838,71.017758 
3342.179716,71.015814 
3343.616595,71.060432 
3345.053473,71.060750 
3346.490352,71.061895 
3347.927231,71.096179 
3349.364109,71.079588 
3350.800988,71.082441 
3352.237867,71.100576 
3353.674745,71.065642 
3355.111624,71.047999 
3356.548503,71.054158 
3357.985381,71.084406 
3359.422260,71.115884 
3360.859138,71.098056 
3362.296017,71.116748 
3363.732896,71.128230 
3365.169774,71.088320 
3366.606653,71.122322 
3368.043532,71.168329 
3369.480410,71.193421 
3370.917289,71.249062 
3372.354168,71.250999 
3373.791046,71.253998 
3375.227925,71.282360 
3376.664804,71.267467 
3378.101682,71.288032 
3379.538561,71.320684 
3380.975439,71.337142 
3382.412318,71.367362 
3383.849197,71.349725 
3385.286075,71.366407 
3386.722954,71.426195 
3388.159833,71.440301 
3389.596711,71.483546 
3391.033590,71.491806 
3392.470469,71.486274 
3393.907347,71.587729 
3395.344226,71.604859 
3396.781104,71.570107 
3398.217983,71.646446 
3399.654862,71.700442 
3401.091740,71.728686 
3402.528619,71.753491 
3403.965498,71.754096 
3405.402376,71.819400 
3406.839255,71.877332 
3408.276134,71.921591 
3409.713012,71.996078 
3411.149891,72.010679 
3412.586770,72.051402 
3414.023648,72.119828 
3415.460527,72.139403 
3416.897405,72.201030 
3418.334284,72.210678 
3419.771163,72.163485 
3421.208041,72.229099 
3422.644920,72.333948 
3424.081799,72.426096 
3425.518677,72.481962 
3426.955556,72.478826 
3428.392435,72.535691 
3429.829313,72.590500 
3431.266192,72.611388 
3432.703070,72.685673 
3434.139949,72.748651 
3435.576828,72.826158 
3437.013706,72.891310 
3438.450585,72.884382 
3439.887464,72.907984 
3441.324342,72.910704 
3442.761221,72.951794 
3444.198100,73.060304 
3445.634978,72.993236 
3447.071857,72.987284 
3448.508736,73.222685 
3449.945614,73.323615 
3451.382493,73.357896 
3452.819371,73.435816 
3454.256250,73.457600 
3455.693129,73.508695 
3457.130007,73.548471 
3458.566886,73.590333 
3460.003765,73.668179 
3461.440643,73.662395 
3462.877522,73.721996 
3464.314401,73.827325 
3465.751279,73.820147 
3467.188158,73.901264 
3468.625036,74.019915 
3470.061915,74.039691 
3471.498794,74.093419 
3472.935672,74.138630 
3474.372551,74.179801 
3475.809430,74.268119 
3477.246308,74.320322 
3478.683187,74.342579 
3480.120066,74.304494 
3481.556944,74.304353 
3482.993823,74.472942 
3484.430701,74.580622 
3485.867580,74.592920 
3487.304459,74.655520 
3488.741337,74.728907 
3490.178216,74.816420 
3491.615095,74.903423 
3493.051973,74.969999 
3494.488852,75.024421 
3495.925731,75.047645 
3497.362609,75.156228 
3498.799488,75.262673 
3500.236367,75.177623 
3501.673245,75.074810 
3503.110124,75.131881 
3504.547002,75.375833 
3505.983881,75.604316 
3507.420760,75.557547 
3508.857638,75.477264 
3510.294517,75.626988 
3511.731396,75.825461 
3513.168274,75.981491 
3514.605153,76.080687 
3516.042032,76.108926 
3517.478910,76.139802 
3518.915789,76.172229 
3520.352667,76.205184 
3521.789546,76.145062 
3523.226425,76.077357 
3524.663303,76.233106 
3526.100182,76.302919 
3527.537061,76.284994 
3528.973939,76.504169 
3530.410818,76.671071 
3531.847697,76.797483 
3533.284575,76.987350 
3534.721454,76.947794 
3536.158333,76.941773 
3537.595211,77.161579 
3539.032090,77.287923 
3540.468968,77.366700 
3541.905847,77.368513 
3543.342726,77.256964 
3544.779604,77.224602 
3546.216483,77.318331 
3547.653362,77.627071 
3549.090240,77.834073 
3550.527119,77.692877 
3551.963998,77.659795 
3553.400876,77.890393 
3554.837755,78.080023 
3556.274633,78.189385 
3557.711512,78.237665 
3559.148391,78.294007 
3560.585269,78.355666 
3562.022148,78.377919 
3563.459027,78.376169 
3564.895905,78.185700 
3566.332784,78.004276 
3567.769663,78.479518 
3569.206541,79.039593 
3570.643420,79.053949 
3572.080299,78.980789 
3573.517177,78.976629 
3574.954056,79.059887 
3576.390934,79.191388 
3577.827813,79.292470 
3579.264692,79.403110 
3580.701570,79.455503 
3582.138449,79.497106 
3583.575328,79.487812 
3585.012206,79.225530 
3586.449085,78.952356 
3587.885964,79.256661 
3589.322842,80.046188 
3590.759721,80.169382 
3592.196599,79.847966 
3593.633478,79.707645 
3595.070357,79.827165 
3596.507235,79.978883 
3597.944114,80.131110 
3599.380993,80.170461 
3600.817871,80.275277 
3602.254750,80.556026 
3603.691629,80.613892 
3605.128507,80.491903 
3606.565386,80.276946 
3608.002265,80.218804 
3609.439143,80.801285 
3610.876022,80.990607 
3612.312900,80.609524 
3613.749779,80.729275 
3615.186658,81.022689 
3616.623536,80.824421 
3618.060415,80.741105 
3619.497294,81.203213 
3620.934172,81.899419 
3622.371051,81.916710 
3623.807930,81.653453 
3625.244808,81.614249 
3626.681687,81.302928 
3628.118565,80.966263 
3629.555444,82.111249 
3630.992323,82.989204 
3632.429201,82.276505 
3633.866080,82.136270 
3635.302959,82.477717 
3636.739837,82.408435 
3638.176716,82.344905 
3639.613595,82.539716 
3641.050473,82.559940 
3642.487352,82.613672 
3643.924231,82.806745 
3645.361109,82.516222 
3646.797988,82.100174 
3648.234866,82.416259 
3649.671745,82.838975 
3651.108624,83.523948 
3652.545502,84.120467 
3653.982381,83.359897 
3655.419260,82.825561 
3656.856138,83.366137 
3658.293017,83.653691 
3659.729896,83.460456 
3661.166774,83.570521 
3662.603653,83.752028 
3664.040531,83.806602 
3665.477410,83.730363 
3666.914289,83.601236 
3668.351167,83.335110 
3669.788046,83.185606 
3671.224925,84.159766 
3672.661803,84.045205 
3674.098682,82.952419 
3675.535561,83.012001 
3676.972439,84.603507 
3678.409318,84.094828 
3679.846197,83.958121 
3681.283075,84.317080 
3682.719954,84.185693 
3684.156832,84.067934 
3685.593711,83.884370 
3687.030590,83.601414 
3688.467468,83.760933 
3689.904347,84.257919 
3691.341226,84.424351 
3692.778104,84.488036 
3694.214983,84.260904 
3695.651862,83.930511 
3697.088740,83.911049 
3698.525619,83.884620 
3699.962497,83.605131 
3701.399376,83.689871 
3702.836255,84.269866 
3704.273133,84.386171 
3705.710012,84.139511 
3707.146891,83.916037 
3708.583769,83.702227 
3710.020648,83.525152 
3711.457527,83.645008 
3712.894405,84.324741 
3714.331284,84.553089 
3715.768163,84.143133 
3717.205041,83.923662 
3718.641920,83.848427 
3720.078798,83.560616 
3721.515677,83.405448 
3722.952556,83.559637 
3724.389434,83.630071 
3725.826313,83.578465 
3727.263192,83.875629 
3728.700070,83.991670 
3730.136949,83.385551 
3731.573828,83.045894 
3733.010706,83.354343 
3734.447585,83.012695 
3735.884463,83.004246 
3737.321342,84.331833 
3738.758221,84.105469 
3740.195099,83.720648 
3741.631978,83.640681 
3743.068857,83.105051 
3744.505735,83.492658 
3745.942614,85.086456 
3747.379493,84.079389 
3748.816371,83.496179 
3750.253250,83.956276 
3751.690129,84.330101 
3753.127007,84.754603 
3754.563886,84.480517 
3756.000764,83.906904 
3757.437643,83.902763 
3758.874522,83.942245 
3760.311400,84.123743 
3761.748279,84.499155 
3763.185158,84.047103 
3764.622036,83.652624 
3766.058915,84.047941 
3767.495794,84.115176 
3768.932672,83.752360 
3770.369551,84.007314 
3771.806429,84.439311 
3773.243308,84.174972 
3774.680187,84.005979 
3776.117065,84.039358 
3777.553944,83.841332 
3778.990823,83.695542 
3780.427701,84.070398 
3781.864580,84.177316 
3783.301459,83.870952 
3784.738337,83.769260 
3786.175216,83.887182 
3787.612094,83.939080 
3789.048973,83.930534 
3790.485852,83.893369 
3791.922730,83.926495 
3793.359609,83.943368 
3794.796488,83.751488 
3796.233366,83.714096 
3797.670245,84.010793 
3799.107124,83.837230 
3800.544002,83.430397 
3801.980881,83.964641 
3803.417760,84.674395 
3804.854638,83.928286 
3806.291517,83.569361 
3807.728395,84.358731 
3809.165274,84.529993 
3810.602153,84.083575 
3812.039031,84.136524 
3813.475910,84.081966 
3814.912789,83.707552 
3816.349667,84.055322 
3817.786546,84.567849 
3819.223425,83.804799 
3820.660303,83.403952 
3822.097182,84.574454 
3823.534060,84.611725 
3824.970939,83.833361 
3826.407818,83.805674 
3827.844696,84.137582 
3829.281575,83.973519 
3830.718454,83.823665 
3832.155332,84.077223 
3833.592211,84.193974 
3835.029090,83.845461 
3836.465968,83.647355 
3837.902847,83.835710 
3839.339726,83.924090 
3840.776604,83.976338 
3842.213483,83.991365 
3843.650361,83.959515 
3845.087240,84.174663 
3846.524119,84.183969 
3847.960997,83.849994 
3849.397876,83.592222 
3850.834755,83.304658 
3852.271633,82.992801 
3853.708512,84.010091 
3855.145391,85.400633 
3856.582269,84.614443 
3858.019148,84.176799 
3859.456026,84.019317 
3860.892905,83.778074 
3862.329784,83.646369 
3863.766662,83.502792 
3865.203541,83.762462 
3866.640420,84.268258 
3868.077298,83.750430 
3869.514177,83.376492 
3870.951056,84.361139 
3872.387934,84.223340 
3873.824813,83.613346 
3875.261692,84.180522 
3876.698570,84.391636 
3878.135449,83.794109 
3879.572327,83.472171 
3881.009206,83.765803 
3882.446085,84.056618 
3883.882963,83.657429 
3885.319842,83.490289 
3886.756721,84.398242 
3888.193599,84.312712 
3889.630478,83.539079 
3891.067357,83.578559 
3892.504235,84.068075 
3893.941114,84.006939 
3895.377992,83.929228 
3896.814871,83.776360 
3898.251750,83.553759 
3899.688628,83.614976 
3901.125507,83.733692 
3902.562386,83.671710 
3903.999264,83.782786 
3905.436143,84.156482 
3906.873022,84.272542 
3908.309900,84.134875 
3909.746779,84.039946 
3911.183658,83.988223 
3912.620536,83.962030 
3914.057415,83.922718 
3915.494293,83.765436 
3916.931172,83.832823 
3918.368051,84.021547 
3919.804929,83.971084 
3921.241808,84.030362 
3922.678687,83.980877 
3924.115565,83.718893 
3925.552444,83.836571 
3926.989323,83.993988 
3928.426201,83.828104 
3929.863080,83.780969 
3931.299958,83.746567 
3932.736837,83.768569 
3934.173716,84.048664 
3935.610594,84.096241 
3937.047473,83.994390 
3938.484352,84.013221 
3939.921230,83.966336 
3941.358109,83.827461 
3942.794988,83.778142 
3944.231866,83.936143 
3945.668745,83.989452 
3947.105624,83.790927 
3948.542502,83.751340 
3949.979381,83.912506 
3951.416259,83.957839 
3952.853138,84.009484 
3954.290017,84.034466 
3955.726895,84.004829 
3957.163774,84.006096 
3958.600653,84.003636 
3960.037531,83.965899 
3961.474410,83.955887 
3962.911289,83.975829 
3964.348167,84.086187 
3965.785046,84.118848 
3967.221924,84.072485 
3968.658803,84.063461 
3970.095682,84.010481 
3971.532560,84.004540 
3972.969439,84.015955 
3974.406318,83.951956 
3975.843196,83.994585 
3977.280075,84.061116 
3978.716954,84.083054 
3980.153832,84.137471 
3981.590711,84.109514 
3983.027590,84.102538 
3984.464468,84.132773 
3985.901347,84.092462 
3987.338225,84.134179 
3988.775104,84.125914 
3990.211983,84.051611 
3991.648861,84.138458 
3993.085740,84.145892 
3994.522619,84.089684 
3995.959497,84.168185 
3997.396376,84.166670 
3998.833255,84.128245 
4000.270133,84.148727 